/*--------------------------------*- C++ -*----------------------------------*\
| =========                 |                                                 |
| \\      /  F ield         | OpenFOAM: The Open Source CFD Toolbox           |
|  \\    /   O peration     | Version:  v1906                                 |
|   \\  /    A nd           | Web:      www.OpenFOAM.com                      |
|    \\/     M anipulation  |                                                 |
\*---------------------------------------------------------------------------*/
FoamFile
{
    version     2.0;
    format      ascii;
    class       volScalarField;
    location    "30";
    object      qprimaryRad_0;
}
// * * * * * * * * * * * * * * * * * * * * * * * * * * * * * * * * * * * * * //

dimensions      [1 0 -3 0 0 0 0];


internalField   uniform 0;

boundaryField
{
    XMin
    {
        type            calculated;
        value           uniform 0;
    }
    XMax
    {
        type            calculated;
        value           uniform 0;
    }
    YMin
    {
        type            calculated;
        value           uniform 0;
    }
    YMax
    {
        type            calculated;
        value           uniform 0;
    }
    ZMin
    {
        type            calculated;
        value           nonuniform List<scalar> 
1240
(
256.666
256.666
256.666
256.666
256.666
256.666
256.666
0
0
0
0
256.666
256.666
256.666
256.666
256.666
256.666
256.666
256.666
256.666
256.666
256.666
256.666
256.666
0
0
0
0
256.666
256.666
256.666
256.666
256.666
256.666
256.666
256.666
256.666
256.666
256.666
256.666
256.666
256.666
256.666
256.666
256.666
256.666
256.666
256.666
256.666
256.666
256.666
0
0
0
0
0
0
0
0
0
0
256.666
256.666
256.666
256.666
256.666
256.666
0
0
0
0
0
0
0
0
0
0
0
256.666
256.666
256.666
256.666
256.666
256.666
256.666
256.666
256.666
256.666
256.666
256.666
256.666
256.666
256.666
256.666
256.666
256.666
256.666
256.666
256.666
256.666
256.666
256.666
256.666
256.666
256.666
256.666
256.666
256.666
256.666
256.666
256.666
256.666
256.666
256.666
256.666
256.666
256.666
256.666
256.666
256.666
256.666
256.666
256.666
256.666
256.666
256.666
256.666
256.666
256.666
256.666
256.666
256.666
256.666
256.666
256.666
256.666
256.666
256.666
256.666
256.666
0
256.666
0
0
0
0
0
0
0
0
0
256.666
256.666
256.666
0
0
0
0
0
256.666
256.666
256.666
0
0
0
0
0
0
256.666
0
0
256.666
0
256.666
0
0
0
0
0
0
0
0
0
0
0
0
0
0
0
0
0
0
0
0
0
0
0
0
0
0
0
0
0
0
256.666
256.666
256.666
256.666
256.666
256.666
256.666
256.666
256.666
256.666
256.666
256.666
256.666
256.666
256.666
256.666
256.666
256.666
256.666
256.666
256.666
256.666
256.666
256.666
256.666
256.666
256.666
256.666
256.666
256.666
256.666
256.666
256.666
256.666
256.666
256.666
256.666
256.666
256.666
256.666
256.666
256.666
256.666
256.666
256.666
256.666
256.666
256.666
256.666
256.666
256.666
256.666
256.666
256.666
256.666
256.666
256.666
256.666
256.666
256.666
256.666
256.666
256.666
256.666
256.666
256.666
256.666
256.666
256.666
256.666
256.666
256.666
256.666
256.666
256.666
256.666
256.666
256.666
256.666
0
0
256.666
0
0
0
0
0
0
0
0
0
256.666
0
0
256.666
256.666
256.666
256.666
256.666
256.666
256.666
256.666
256.666
0
0
256.666
256.666
0
256.666
256.666
256.666
256.666
256.666
256.666
256.666
256.666
256.666
256.666
256.666
256.666
256.666
256.666
256.666
256.666
256.666
256.666
256.666
256.666
256.666
256.666
256.666
256.666
256.666
256.666
256.666
256.666
256.666
256.666
256.666
256.666
256.666
256.666
256.666
256.666
256.666
256.666
256.666
256.666
256.666
256.666
256.666
256.666
256.666
256.666
256.666
256.666
256.666
256.666
256.666
256.666
0
0
0
0
0
0
0
0
0
0
0
0
0
0
256.666
256.666
256.666
256.666
256.666
256.666
256.666
256.666
256.666
256.666
0
256.666
0
0
0
0
0
0
0
0
0
0
0
0
0
0
0
0
0
0
0
0
0
0
0
0
0
0
0
0
0
0
0
0
0
0
0
0
0
0
0
0
0
0
0
0
0
0
0
0
0
0
0
0
0
0
0
0
0
0
0
0
0
256.666
256.666
256.666
256.666
256.666
256.666
256.666
256.666
256.666
256.666
256.666
256.666
256.666
256.666
256.666
256.666
256.666
256.666
256.666
256.666
256.666
256.666
256.666
256.666
256.666
256.666
256.666
256.666
256.666
256.666
256.666
256.666
256.666
256.666
256.666
256.666
256.666
256.666
256.666
256.666
256.666
256.666
256.666
256.666
256.666
256.666
256.666
256.666
256.666
256.666
256.666
256.666
256.666
256.666
256.666
256.666
256.666
256.666
256.666
256.666
256.666
256.666
256.666
256.666
256.666
256.666
256.666
256.666
256.666
256.666
256.666
256.666
256.666
256.666
256.666
256.666
256.666
256.666
256.666
256.666
256.666
256.666
256.666
256.666
256.666
256.666
256.666
256.666
256.666
256.666
256.666
256.666
256.666
256.666
256.666
256.666
0
0
0
256.666
256.666
0
0
0
0
0
0
0
0
0
0
0
0
0
0
0
0
0
0
0
0
0
0
0
0
0
0
0
0
0
0
0
0
0
0
0
0
0
0
0
0
0
0
0
0
0
0
0
0
0
0
0
0
0
0
0
0
0
0
0
0
0
256.666
256.666
256.666
256.666
256.666
256.666
256.666
256.666
256.666
256.666
256.666
256.666
256.666
256.666
256.666
256.666
256.666
256.666
256.666
256.666
256.666
256.666
256.666
256.666
256.666
256.666
256.666
256.666
256.666
256.666
256.666
256.666
256.666
256.666
256.666
256.666
256.666
256.666
256.666
256.666
256.666
256.666
256.666
256.666
256.666
256.666
256.666
256.666
256.666
256.666
256.666
256.666
256.666
256.666
256.666
256.666
256.666
256.666
256.666
256.666
256.666
256.666
256.666
256.666
256.666
256.666
256.666
256.666
256.666
256.666
256.666
256.666
256.666
256.666
256.666
256.666
256.666
256.666
256.666
256.666
256.666
256.666
256.666
256.666
256.666
256.666
256.666
256.666
256.666
256.666
256.666
256.666
256.666
256.666
256.666
256.666
256.666
256.666
256.666
256.666
256.666
256.666
0
0
256.666
0
0
0
256.666
256.666
256.666
256.666
256.666
256.666
256.666
256.666
256.666
256.666
256.666
256.666
0
0
0
0
0
0
0
0
0
0
0
0
0
0
0
0
0
0
0
0
0
0
0
0
0
0
0
0
0
0
0
0
0
0
0
0
0
0
0
0
0
0
0
0
0
0
0
0
0
0
0
0
0
0
0
0
0
0
0
0
0
0
0
256.666
256.666
256.666
0
0
0
0
0
0
0
0
256.666
256.666
256.666
0
0
0
0
0
0
0
0
256.666
256.666
256.666
0
0
0
0
0
0
0
0
256.666
256.666
256.666
256.666
256.666
256.666
256.666
256.666
256.666
256.666
256.666
256.666
256.666
256.666
256.666
256.666
256.666
256.666
256.666
256.666
256.666
256.666
256.666
256.666
256.666
256.666
256.666
256.666
256.666
256.666
256.666
256.666
256.666
256.666
256.666
256.666
256.666
256.666
256.666
256.666
256.666
256.666
256.666
256.666
256.666
256.666
256.666
256.666
256.666
256.666
256.666
256.666
256.666
256.666
256.666
256.666
256.666
256.666
256.666
256.666
256.666
256.666
256.666
256.666
256.666
256.666
256.666
256.666
256.666
256.666
256.666
0
0
256.666
256.666
256.666
256.666
256.666
256.666
256.666
256.666
0
0
0
256.666
256.666
256.666
256.666
256.666
256.666
256.666
256.666
256.666
0
256.666
256.666
0
0
0
256.666
256.666
256.666
0
0
0
256.666
256.666
256.666
256.666
256.666
256.666
256.666
256.666
256.666
256.666
256.666
256.666
256.666
256.666
256.666
256.666
0
256.666
0
0
0
0
0
0
0
0
0
0
0
0
0
0
0
0
0
0
0
0
0
0
0
0
0
0
0
256.666
256.666
0
256.666
256.666
256.666
0
0
0
0
0
0
0
0
0
0
0
0
0
0
0
0
0
0
0
0
0
0
0
0
0
0
0
0
0
0
0
0
0
256.666
256.666
256.666
256.666
256.666
256.666
256.666
256.666
256.666
256.666
256.666
256.666
256.666
256.666
256.666
256.666
256.666
256.666
256.666
256.666
256.666
256.666
256.666
256.666
256.666
256.666
256.666
256.666
256.666
256.666
256.666
256.666
256.666
256.666
256.666
256.666
256.666
256.666
256.666
256.666
256.666
256.666
256.666
256.666
256.666
256.666
256.666
256.666
256.666
256.666
256.666
256.666
256.666
256.666
256.666
256.666
256.666
256.666
256.666
256.666
256.666
256.666
256.666
0
0
256.666
0
0
0
0
256.666
256.666
256.666
256.666
0
0
256.666
256.666
256.666
256.666
0
0
256.666
256.666
256.666
256.666
0
0
256.666
256.666
256.666
256.666
256.666
0
0
0
0
0
0
0
0
0
0
0
0
0
0
0
0
0
0
0
0
0
0
0
0
0
0
0
0
0
0
256.666
256.666
256.666
256.666
256.666
256.666
256.666
256.666
256.666
256.666
256.666
256.666
256.666
256.666
256.666
256.666
256.666
256.666
256.666
256.666
256.666
256.666
256.666
256.666
256.666
0
0
256.666
256.666
256.666
256.666
256.666
256.666
256.666
256.666
256.666
256.666
256.666
256.666
256.666
256.666
256.666
256.666
256.666
256.666
256.666
256.666
256.666
256.666
256.666
256.666
256.666
256.666
256.666
256.666
256.666
256.666
256.666
256.666
256.666
256.666
256.666
256.666
256.666
256.666
256.666
256.666
256.666
256.666
256.666
256.666
256.666
256.666
256.666
256.666
256.666
256.666
256.666
256.666
256.666
256.666
256.666
256.666
256.666
256.666
256.666
256.666
256.666
256.666
256.666
256.666
256.666
256.666
256.666
256.666
256.666
256.666
256.666
256.666
)
;
    }
    ZMax
    {
        type            calculated;
        value           uniform 0;
    }
    solarpanel_body_left
    {
        type            calculated;
        value           uniform 0;
    }
    solarpanel_body_right
    {
        type            calculated;
        value           nonuniform List<scalar> 
2169
(
171.111
171.111
171.111
171.111
171.119
171.111
171.111
171.112
171.111
171.111
171.111
171.111
171.111
171.111
171.111
171.111
171.111
171.111
171.111
171.111
171.111
171.111
171.111
171.111
171.111
171.111
171.111
171.111
171.111
171.111
171.111
171.111
171.111
171.111
171.111
171.111
171.111
171.111
171.111
171.111
171.111
171.111
171.111
171.111
171.111
171.111
171.111
171.111
171.111
171.111
171.111
171.111
171.111
171.111
171.111
171.111
171.111
171.111
171.111
171.111
171.111
171.111
171.111
171.111
171.111
171.111
171.111
171.111
171.111
171.111
171.111
171.111
171.111
171.111
171.111
171.111
171.111
171.111
171.111
171.111
171.111
171.111
171.111
171.111
171.111
171.111
171.111
171.111
171.111
171.111
171.111
171.111
171.111
171.111
171.111
171.111
171.111
171.111
171.111
171.111
171.111
171.111
171.111
171.111
171.111
171.111
171.111
171.111
171.111
171.111
171.111
171.111
171.111
171.111
171.111
171.111
171.111
171.111
171.111
171.111
171.111
171.111
171.111
171.111
171.111
171.111
171.111
171.111
171.111
171.111
171.111
171.111
171.111
171.111
171.111
171.111
171.111
171.111
171.111
171.111
171.111
171.111
171.111
171.111
171.111
171.111
171.111
171.111
171.111
171.111
171.111
171.111
171.111
171.111
171.111
171.111
171.111
171.111
171.111
171.111
171.111
171.111
171.111
171.111
171.111
171.111
171.111
171.111
171.111
171.111
171.111
171.111
171.111
171.111
171.111
171.16
171.111
171.119
171.116
171.099
171.095
171.131
171.097
171.111
171.111
171.111
171.111
171.111
171.111
171.111
171.111
171.111
171.111
171.111
171.111
171.111
171.111
171.111
171.111
171.111
171.111
171.111
171.111
171.111
171.111
171.111
171.111
171.111
171.111
171.111
171.111
171.111
171.111
171.111
171.111
171.111
171.111
171.111
171.111
171.111
171.111
171.111
171.111
171.111
171.111
171.111
171.111
171.111
171.111
171.111
171.111
171.111
171.111
171.111
171.111
171.111
171.111
171.111
171.111
171.111
171.111
171.111
171.111
171.111
171.111
171.111
171.111
171.111
171.111
171.111
171.111
171.111
171.111
171.111
171.111
171.111
171.111
171.111
171.111
171.111
171.111
171.111
171.111
171.111
171.111
171.111
171.111
171.111
171.111
171.111
171.111
171.111
171.111
171.111
171.111
171.111
171.111
171.111
171.111
171.111
171.111
171.111
171.111
171.111
171.111
171.111
171.111
171.111
171.111
171.111
171.111
171.111
171.111
171.111
171.111
171.111
171.111
171.111
171.111
171.111
171.111
171.111
171.111
171.111
171.111
171.111
171.111
171.111
171.111
171.111
171.111
171.111
171.111
171.111
171.111
171.111
171.111
171.111
171.111
171.111
171.111
171.111
171.111
171.111
171.111
171.111
171.111
171.111
171.111
171.111
171.111
171.111
171.111
171.111
171.111
171.111
171.111
171.111
171.111
171.111
171.111
171.111
171.113
171.113
171.111
171.111
171.111
171.111
171.111
171.111
171.111
171.111
171.111
171.111
171.111
171.111
171.111
171.111
171.111
171.111
171.111
171.111
171.111
171.111
171.111
171.111
171.111
171.111
171.111
171.111
171.111
171.111
171.111
171.111
171.111
171.111
171.111
171.111
171.111
171.111
171.111
171.111
171.111
171.111
171.111
171.111
171.111
171.111
171.111
171.111
171.111
171.111
171.111
171.111
171.111
171.111
171.111
171.111
171.111
171.111
171.111
171.111
171.111
171.111
171.111
171.111
171.111
171.111
171.111
171.111
171.111
171.111
171.111
171.111
171.111
171.111
171.111
171.111
171.111
171.111
171.111
171.111
171.111
171.111
171.111
171.111
171.111
171.111
171.111
171.111
171.111
171.111
171.111
171.111
171.111
171.111
171.111
171.111
171.111
171.111
171.111
171.111
171.111
171.111
171.111
171.111
171.111
171.111
171.111
171.111
171.111
171.111
171.111
171.123
171.111
171.13
171.111
171.111
171.111
171.111
171.111
171.111
171.111
171.111
171.114
171.12
171.111
171.132
171.176
171.106
171.2
171.19
171.111
171.111
171.111
171.111
171.111
171.111
171.111
171.111
171.116
171.203
171.121
171.112
171.111
171.111
171.111
171.111
171.111
171.111
171.111
171.111
171.111
171.111
171.111
171.111
171.111
171.111
171.111
171.111
171.111
171.111
171.111
171.111
171.128
171.111
171.111
171.116
171.111
171.111
171.111
171.111
171.111
171.111
171.111
171.111
171.111
171.111
171.111
171.111
171.21
171.116
171.123
171.125
171.111
171.111
171.111
171.111
171.111
171.111
171.111
171.111
171.111
171.111
171.111
171.111
171.064
171.141
171.266
171.114
170.775
171.107
171.171
171.105
171.137
171.073
171.116
171.108
171.181
171.073
171.116
171.111
171.111
171.111
171.111
171.116
171.111
171.111
171.111
171.201
171.215
170.975
171.051
171.111
171.111
171.111
171.111
171.111
171.111
171.111
171.111
171.111
171.111
171.111
171.111
171.111
171.111
171.111
171.111
171.111
171.111
171.111
171.111
171.111
171.111
171.111
171.111
171.111
171.111
171.111
171.111
171.111
171.111
171.111
171.111
171.111
171.111
171.111
171.111
171.111
171.111
171.111
171.111
171.111
171.111
171.111
171.111
171.111
171.111
171.111
171.111
171.111
171.111
171.111
171.111
171.111
171.111
171.111
171.111
171.111
171.111
171.111
171.111
171.111
171.111
171.111
171.111
171.111
171.111
171.111
171.111
171.111
171.111
171.111
171.111
171.111
171.111
171.111
171.111
171.111
171.111
171.111
171.111
171.111
171.111
171.111
171.111
171.111
171.111
171.111
171.111
171.111
171.111
171.111
171.111
171.111
171.111
171.111
171.111
171.111
171.111
171.111
171.111
171.111
171.111
171.111
171.111
171.111
171.111
171.111
171.111
171.111
171.111
171.111
171.111
171.111
171.111
171.111
171.111
171.111
171.111
171.111
171.111
171.111
171.111
171.111
171.111
171.111
171.111
171.111
171.111
171.111
171.111
171.111
171.111
171.111
171.111
171.111
171.111
171.111
171.111
171.111
171.111
171.111
171.111
171.111
171.111
171.111
171.111
171.111
171.111
171.111
171.111
171.111
171.111
171.111
171.111
171.111
171.111
171.111
171.111
171.111
171.111
171.111
171.111
171.111
171.111
171.111
171.111
171.111
171.111
171.111
171.111
171.111
171.111
171.111
171.111
171.111
171.111
171.111
171.111
171.111
171.111
171.111
171.111
171.111
171.111
171.111
171.111
171.111
171.111
171.111
171.111
171.111
171.111
171.111
171.111
171.111
171.111
171.111
171.111
171.111
171.111
171.111
171.111
171.111
171.111
171.111
171.111
171.111
171.111
171.111
171.111
171.111
171.111
171.111
171.111
171.111
171.111
171.111
171.111
171.111
171.111
171.111
171.111
171.111
171.111
171.111
171.111
171.111
171.111
171.111
171.111
171.111
171.111
171.111
171.111
171.111
171.111
171.111
171.111
171.111
171.111
171.111
171.111
171.111
171.111
171.111
171.111
171.111
171.111
171.111
171.111
171.111
171.111
171.111
171.111
171.111
171.111
171.111
171.111
171.111
171.111
171.111
171.111
171.111
171.111
171.111
171.111
171.111
171.111
171.111
171.111
171.111
171.111
171.111
171.111
171.111
171.111
171.111
171.111
171.111
171.111
171.111
171.111
171.111
171.111
171.111
171.111
171.111
171.111
171.111
171.111
171.111
171.111
171.111
171.111
171.111
171.111
171.111
171.111
171.111
171.111
171.111
171.111
171.111
171.111
171.111
171.111
171.111
171.111
171.111
171.111
171.111
171.111
171.111
171.111
171.111
171.111
171.111
171.111
171.111
171.111
171.111
170.195
171.111
171.111
171.111
171.111
171.111
171.111
171.111
171.111
171.111
171.111
171.443
171.075
171.111
171.314
171.191
171.112
171.064
171.119
171.148
171.108
171.098
171.121
171.111
171.111
171.111
171.111
171.111
171.111
171.111
171.111
171.111
171.111
171.111
171.111
171.111
171.111
171.111
171.111
171.111
171.111
171.111
171.111
171.111
171.111
171.111
171.111
171.111
171.111
171.111
171.111
171.111
171.111
171.111
171.111
171.111
171.111
171.111
171.111
171.111
171.111
171.111
171.111
171.111
171.111
171.111
171.111
171.111
171.111
171.111
171.111
171.111
171.111
171.111
171.111
171.111
171.111
171.111
171.111
171.111
171.111
171.111
171.111
171.111
171.111
171.111
171.111
171.111
171.111
171.111
171.111
171.111
171.111
171.111
171.111
171.111
171.111
171.111
171.111
171.111
171.111
171.111
171.111
171.111
171.111
171.111
171.111
171.111
171.111
171.111
171.111
171.111
171.111
171.111
171.111
171.111
171.111
171.111
171.111
171.111
171.111
171.111
171.111
171.111
171.111
171.111
171.111
171.111
171.111
171.111
171.111
171.111
171.111
171.111
171.111
171.111
171.111
171.111
171.111
171.111
171.111
171.111
171.111
171.111
171.111
171.111
171.111
171.111
171.111
171.111
171.111
171.111
171.111
171.111
171.111
171.111
171.111
171.111
171.111
171.111
171.111
171.111
171.111
171.111
171.111
171.111
171.111
171.111
171.111
171.111
171.111
171.111
171.111
171.111
171.111
171.111
171.111
171.111
171.111
171.111
171.111
171.111
171.111
171.111
171.111
171.111
171.111
171.111
171.111
171.111
171.111
171.111
171.111
171.111
171.111
171.111
171.111
171.111
171.111
171.111
171.111
171.111
171.111
171.111
171.111
171.111
171.111
171.111
171.111
171.111
171.111
171.111
171.111
171.111
171.111
171.111
171.111
171.111
171.111
171.111
171.111
171.111
171.111
171.111
171.111
171.111
171.111
171.111
171.111
171.111
171.111
171.111
171.111
171.111
171.111
171.111
171.111
171.111
171.111
171.111
171.111
171.111
171.111
171.111
171.111
171.111
171.111
171.111
171.111
171.111
171.111
171.111
171.111
171.111
171.111
171.111
171.111
171.111
171.111
171.111
171.111
171.111
171.111
171.111
171.111
171.111
171.111
171.111
171.111
171.111
171.111
171.111
171.111
171.111
171.111
171.111
171.111
171.111
171.111
171.111
171.111
171.111
171.111
171.111
171.111
171.111
171.111
171.111
171.111
171.111
171.111
171.111
171.111
171.111
171.111
171.111
171.111
171.111
171.111
171.111
171.111
171.111
171.111
171.111
171.111
171.111
171.111
171.111
171.111
171.111
171.111
171.111
171.111
171.111
171.111
171.111
171.111
171.111
171.111
171.111
171.111
171.111
171.111
171.111
171.111
171.111
171.111
171.111
171.111
171.111
171.111
171.111
171.111
171.111
171.111
171.111
171.111
171.111
171.111
171.111
171.111
171.111
171.111
171.111
171.111
171.111
171.111
171.111
171.111
171.111
171.111
171.111
171.111
171.111
171.111
171.111
171.111
171.111
171.111
171.111
171.111
171.111
171.111
171.111
171.111
171.111
171.111
171.111
171.111
171.111
171.111
171.111
171.111
171.111
171.111
171.111
171.111
171.111
171.111
171.111
171.111
171.111
171.111
171.111
171.111
171.111
171.111
171.111
171.111
171.111
171.111
171.111
171.111
171.111
171.111
171.111
171.111
171.111
171.111
171.111
171.111
171.111
171.111
171.111
171.111
171.111
171.111
171.111
171.111
171.111
171.111
171.111
171.111
171.111
171.111
171.111
171.111
171.111
171.111
171.111
171.111
171.111
171.111
171.111
171.111
171.111
171.111
171.111
171.111
171.111
171.111
171.111
171.111
171.111
171.111
171.111
171.111
171.111
171.111
171.111
171.111
171.111
171.111
171.111
171.111
171.111
171.111
171.111
171.111
171.111
171.111
171.111
171.111
171.111
171.111
171.111
171.111
171.111
171.111
171.111
171.111
171.111
171.111
171.111
171.111
171.111
171.111
171.111
171.111
171.111
171.111
171.111
171.111
171.111
171.111
171.111
171.111
171.111
171.111
171.111
171.111
171.111
171.111
171.111
171.111
171.111
171.111
171.111
171.111
171.111
171.111
171.111
171.111
171.111
171.111
171.111
171.111
171.111
171.111
171.111
171.111
171.111
171.111
171.111
171.111
171.111
171.111
171.111
171.111
171.111
171.111
171.111
171.111
171.111
171.111
171.111
171.111
171.111
171.111
171.111
171.111
171.111
171.111
171.111
171.111
171.111
171.111
171.111
171.111
171.111
171.111
171.111
171.111
171.111
171.111
171.111
171.111
171.111
171.111
171.111
171.111
171.111
171.111
171.111
171.111
171.111
171.111
171.111
171.111
171.111
171.111
171.111
171.111
171.111
171.111
171.111
171.111
171.111
171.111
171.111
171.111
171.111
171.111
171.111
171.114
171.111
171.127
171.111
171.111
171.111
171.111
171.111
171.111
171.111
171.111
171.111
171.111
171.111
171.111
171.111
171.111
171.111
171.111
171.111
171.111
171.111
171.111
171.127
171.236
171.128
171.197
171.119
171.111
171.111
171.123
171.131
171.116
171.119
171.129
171.111
171.111
171.111
171.111
171.111
171.111
171.111
171.111
171.111
171.111
171.111
171.111
171.111
171.111
171.111
171.111
171.111
171.111
171.116
171.111
171.111
171.111
171.111
171.111
171.111
171.111
171.111
171.111
171.111
171.111
171.111
171.111
171.111
171.111
171.111
171.111
171.111
171.111
171.111
171.111
171.111
171.111
171.111
171.111
171.111
195.191
171.111
171.111
171.111
171.111
171.111
171.111
171.111
171.111
171.111
171.111
171.111
171.111
171.111
171.111
171.111
171.111
171.111
171.111
171.111
171.111
171.111
171.111
171.111
171.111
171.111
171.111
171.111
171.111
171.127
171.111
171.111
171.114
171.226
171.101
171.076
171.132
171.111
171.111
171.111
171.111
171.111
171.109
171.116
171.111
171.111
171.111
171.111
171.111
171.111
171.111
171.111
171.111
171.111
171.111
171.111
171.113
171.111
171.111
171.111
171.111
171.165
171.112
171.12
171.122
171.079
171.107
171.111
171.111
171.111
171.111
171.111
171.111
171.111
171.111
171.111
171.111
171.111
171.111
171.111
171.115
171.111
171.11
171.327
171.141
171.231
171.213
171.191
171.101
171.286
171.199
170.964
171.113
171.099
171.111
171.107
171.105
171.111
171.125
171.483
171.009
171.158
171.103
171.116
171.437
171.111
171.111
171.111
171.111
171.111
171.111
171.111
171.111
171.111
171.111
171.111
171.111
171.111
171.111
171.111
171.111
171.111
171.111
171.111
171.111
171.111
171.111
171.111
171.111
171.111
171.111
171.111
171.111
171.111
171.111
171.111
171.111
171.111
171.111
171.111
171.111
171.111
171.111
171.111
171.111
171.111
171.111
171.111
171.111
171.111
171.111
171.111
171.111
171.111
171.111
171.111
171.111
171.111
171.111
171.111
171.111
171.111
171.111
171.111
171.111
171.111
171.111
171.111
171.111
171.111
171.111
171.111
171.111
171.111
171.111
171.111
171.111
171.111
171.111
171.111
171.111
171.111
171.111
171.111
171.111
171.111
171.111
171.111
171.111
171.111
171.111
171.111
171.111
171.111
171.111
171.111
171.111
171.111
171.111
171.111
171.111
171.111
171.111
171.111
171.111
171.111
171.111
171.111
171.111
171.111
171.111
171.111
171.111
171.111
171.111
171.111
171.111
171.111
171.111
171.111
171.111
171.111
171.111
171.111
171.111
171.111
171.111
171.111
171.111
171.111
171.111
171.111
171.111
171.111
171.111
171.111
171.111
171.111
171.111
171.111
171.111
171.111
171.111
171.111
171.111
171.111
171.111
171.111
171.111
171.111
171.111
171.111
171.111
171.111
171.111
171.111
171.111
171.111
171.111
171.111
171.111
171.111
171.111
171.111
171.111
171.111
171.111
171.111
170.952
170.896
171.083
171.153
171.09
171.162
171.111
171.111
171.111
171.111
171.111
171.111
171.111
171.111
171.111
171.111
171.111
171.111
171.111
171.111
171.111
171.111
171.111
171.111
171.111
171.111
171.111
171.111
171.111
171.111
171.111
171.111
171.111
171.111
171.111
171.111
171.111
171.111
171.111
171.111
171.111
171.111
171.111
171.111
171.111
171.111
171.111
171.111
171.111
171.111
171.111
171.111
171.111
171.111
171.111
171.111
171.111
171.111
171.111
171.111
171.111
171.111
171.111
171.111
171.111
171.111
171.111
171.111
171.111
171.111
171.111
171.111
171.111
171.111
171.111
171.111
171.111
171.111
171.111
171.111
171.111
171.111
171.111
171.111
171.111
171.111
171.111
171.111
171.111
171.111
171.111
171.111
171.111
171.111
171.111
171.111
171.111
171.111
171.111
171.111
171.111
171.111
171.111
171.111
171.111
171.111
171.111
171.111
171.111
171.111
171.111
171.111
171.111
171.111
171.111
171.111
171.111
171.111
171.111
171.111
171.111
171.111
171.111
171.111
171.111
171.111
171.111
171.111
171.111
171.111
171.111
171.111
171.111
171.111
171.111
171.111
171.111
171.111
171.111
171.111
171.111
171.111
171.111
171.111
171.111
171.111
171.111
171.111
171.111
171.111
171.111
171.111
171.111
171.111
171.111
171.111
171.111
171.111
171.111
171.111
171.111
171.111
171.111
171.111
171.111
171.111
171.111
171.111
171.111
171.111
171.111
171.111
171.111
171.111
171.111
171.111
171.111
171.111
171.111
171.111
171.111
171.111
171.111
171.111
171.111
171.111
171.111
171.111
171.111
171.111
171.111
171.111
171.111
171.111
171.111
171.111
171.111
171.111
171.111
171.111
171.111
171.111
171.111
171.111
171.111
171.111
171.111
171.111
171.111
171.111
171.111
171.111
171.111
171.111
171.111
171.111
171.111
171.111
171.111
171.111
171.111
171.111
171.111
171.111
171.111
171.111
171.111
171.111
171.111
171.111
171.111
171.111
171.111
171.111
171.111
171.111
171.111
171.111
171.111
171.111
171.111
171.111
171.111
171.111
171.111
171.111
171.111
171.111
171.111
171.111
171.111
171.111
171.111
171.111
171.111
171.111
171.111
171.111
171.111
171.111
171.111
171.111
171.111
171.111
171.111
171.111
171.111
171.111
171.111
171.111
171.111
171.111
171.111
171.111
171.111
171.111
171.111
171.111
171.111
171.111
171.111
171.111
171.111
171.111
171.111
171.111
171.111
171.111
171.111
171.111
171.112
171.111
171.111
171.111
171.111
171.111
171.111
171.111
171.111
171.111
171.111
171.111
171.111
171.111
171.111
171.111
171.111
171.111
171.111
171.111
171.111
171.111
171.111
171.111
171.111
171.111
171.111
171.111
171.111
183.318
171.111
171.111
171.111
171.111
171.111
171.111
171.111
171.111
171.111
171.111
171.111
171.111
171.111
171.109
171.113
171.111
171.174
171.124
171.12
171.099
171.096
171.111
171.111
171.111
170.896
170.75
171.111
171.111
171.111
171.111
171.111
171.111
171.111
171.111
171.111
171.097
171.109
171.111
171.101
170.936
171.131
170.827
171.111
171.111
171.111
171.111
171.111
171.077
171.111
171.111
170.205
170.493
171.501
)
;
    }
    solarpanel_body_top
    {
        type            calculated;
        value           nonuniform List<scalar> 
2652
(
0
198.238
288.119
248.691
251.361
232.069
0
0
0
253.922
257.285
214.934
210.136
211.196
212.025
211.976
0
0
0
0
0
0
0
0
7.85086
5.54967
5.42078
7.37958
12.3287
10.6812
7.10259
6.37187
248.694
246.238
248.693
248.691
248.694
248.694
248.694
248.693
248.694
248.694
248.694
248.694
248.695
248.694
248.695
248.698
248.698
248.693
248.694
248.694
248.692
248.694
248.694
248.692
248.692
248.694
248.694
248.692
248.695
248.693
248.694
248.691
212.998
208.943
211.069
210.987
0
0
0
0
0
0
0
0
0
0
0
0
0
0
0
0
0
0
0
0
0
0
13.1022
13.2486
13.0801
11.1065
11.8591
193.192
199.95
194.061
195.672
190.298
187.642
187.294
188.334
197.221
193.342
195.533
190.208
185.672
193.7
185.918
189.084
198.687
194.169
192.685
193.284
191.162
188.205
190.056
187.084
191.742
193.544
197.228
189.697
187.731
184.323
245.553
248.698
248.694
248.695
248.694
248.694
248.694
248.695
248.694
248.694
248.698
248.694
248.694
248.693
248.695
248.693
248.692
248.697
248.694
248.693
248.698
248.694
248.694
248.694
248.694
248.693
248.698
248.693
248.693
248.693
248.694
248.693
248.694
248.694
248.693
248.698
248.693
248.694
248.693
248.699
248.693
248.694
248.693
248.696
248.695
248.693
248.698
248.693
248.695
248.694
248.693
248.694
248.696
248.692
248.695
248.691
248.694
248.698
248.692
248.694
248.694
248.692
248.694
248.694
248.694
248.698
248.692
248.694
248.694
248.692
248.694
248.694
248.694
248.698
248.696
248.695
248.694
248.697
248.693
0
0
0
0
0
0
0
211.779
209.226
208.909
210.802
206.456
206.598
210.022
207.191
207.225
211.035
204.981
204.281
30.0123
34.1535
30.0929
38.6358
32.8016
41.0881
32.8065
43.6602
30.6824
43.0616
30.888
45.3454
30.5962
46.9951
36.7624
41.3324
36.2634
42.1042
38.5556
39.0446
35.8144
34.1714
32.2762
35.5326
28.3903
42.8587
30.2401
51.2179
0
0
0
166.62
169.208
169.646
164.247
163.53
165.608
167.65
171.594
167.186
171.727
162.907
163.028
168.878
170.816
248.85
248.712
248.695
248.695
248.695
248.695
248.695
248.695
248.695
248.695
248.695
248.695
248.695
248.695
218.958
216.799
218.203
218.861
218.073
218.896
218.206
0
0
0
0
0
0
0
0
0
0
0
7.75974
0
0
7.8887
0
0
0
5.51124
5.72138
0
0
0
11.9437
11.4314
0
0
9.12621
9.18789
0
85.2621
105.48
94.3908
98.3611
80.8247
112.986
80.9497
114.206
87.006
104.376
79.272
108.28
84.911
108.378
79.3019
116.014
248.695
248.691
248.88
248.232
248.695
248.713
248.697
248.665
248.692
248.694
248.694
248.698
248.698
248.694
248.693
248.692
248.692
248.694
248.694
248.698
248.698
248.694
248.694
248.692
248.694
248.694
248.695
248.696
248.694
248.697
248.691
248.692
248.697
248.692
248.697
248.692
248.693
248.694
248.697
248.691
248.694
248.692
248.694
248.696
248.697
248.694
248.692
248.694
248.694
248.692
248.694
248.696
248.697
248.694
248.692
248.694
248.692
248.695
248.697
248.696
248.696
248.693
248.692
248.693
226.079
224.777
226.249
225.119
226.449
224.65
226.413
223.97
226.101
224.467
226.296
225.094
224.642
223.46
224.998
224.909
213.302
206.609
207.974
197.146
200.681
198.657
200.573
210.255
209.283
209.503
201.433
198.262
202.495
200.301
211.421
205.775
206.686
199.259
198.799
205.312
204.795
211.752
209.781
207.314
204.654
203.654
195.185
198.459
0
0
0
0
0
0
0
0
0
0
0
0
0
0
0
0
0
0
0
0
0
0
0
0
0
0
0
0
0
0
0
0
0
0
0
0
0
0
0
0
0
0
28.4394
29.8632
45.9535
29.4067
41.2782
12.6765
21.056
21.6541
28.8631
49.3245
28.5671
45.8632
25.2669
21.916
12.5772
31.0225
43.1506
29.7383
45.1983
11.9689
22.0598
14.5562
12.6051
29.9332
40.6533
30.6735
37.4392
26.0799
11.5767
37.1742
37.2917
37.5666
38.5839
13.5184
21.3262
36.35
36.8134
36.7668
36.5311
16.5301
24.0921
10.9321
28.9251
42.6698
30.4236
49.0641
26.0222
31.6494
37.5939
30.3633
34.1441
11.0637
26.4038
0
0
0
0
196.693
197.547
193.325
194.997
178.556
187.812
161.783
167.204
183.515
156.925
180.318
190.683
171.269
173.029
177.484
191.298
198.138
195.104
193.993
194.297
180.324
185.603
162.782
159.453
180.732
191.564
180.802
186.489
166.388
162.198
188.673
193.731
196.458
193.469
192.43
171.893
189.541
173.039
165.889
161.593
159.773
190.2
155.163
177.428
188.62
176.865
164.062
162.126
179.884
186.397
195.058
195.437
198.034
161.189
178.949
192.938
160.283
164.884
192.027
176.327
168.911
189.648
81.6268
109.126
83.1519
111.768
79.1777
88.994
106.74
94.1057
100.288
85.5497
87.8827
105.05
86.536
108.48
75.3156
88.9639
108.872
94.85
103.787
248.716
248.699
248.697
248.692
248.695
248.693
248.695
248.695
248.692
248.692
248.695
248.695
248.695
248.695
248.692
248.694
248.695
248.695
248.695
248.693
248.697
248.693
248.691
248.694
248.695
248.697
248.697
248.695
248.696
248.692
248.692
248.696
248.696
248.697
248.69
248.696
248.694
248.693
248.694
248.694
248.695
248.692
248.692
248.695
248.695
248.692
248.692
248.695
248.694
248.693
248.694
248.694
248.694
248.694
248.694
248.694
248.695
248.692
248.692
248.695
248.696
248.692
248.692
248.696
248.694
248.694
248.694
248.694
248.694
248.694
248.694
248.694
248.692
248.697
248.692
248.697
248.696
248.692
248.698
248.691
248.692
248.698
248.696
248.693
248.694
248.695
248.697
248.694
248.692
248.694
248.695
248.692
248.698
248.822
248.913
248.733
248.712
248.721
248.695
248.693
248.698
248.694
248.697
248.691
248.694
248.694
248.691
248.696
248.694
248.7
248.691
248.697
248.694
248.697
248.694
248.694
248.697
248.694
248.694
248.697
248.694
248.691
248.699
248.699
248.691
248.692
248.694
248.699
248.692
248.697
248.694
248.694
248.697
248.694
248.695
248.697
248.694
248.697
248.697
248.694
248.693
248.692
248.693
248.697
248.692
248.695
248.695
248.695
248.696
248.694
248.695
248.69
248.691
248.7
248.694
248.694
248.693
248.698
248.698
248.694
248.693
248.692
248.694
248.697
248.692
248.694
248.699
248.692
248.697
248.692
248.698
248.691
248.693
248.693
248.698
248.695
248.694
248.693
248.692
248.694
248.698
248.698
248.694
248.694
248.692
248.699
248.694
248.698
248.693
248.698
248.695
248.698
248.693
248.698
248.69
248.698
248.693
248.699
248.694
248.698
248.693
248.692
248.693
248.696
248.698
248.693
248.694
248.692
248.693
248.691
248.698
248.693
248.694
248.694
248.698
248.693
248.694
248.695
248.694
248.693
248.698
248.695
248.698
248.693
248.698
248.695
248.696
248.692
248.694
248.698
248.696
248.696
248.695
248.693
248.693
248.695
248.694
248.694
248.693
248.692
248.696
248.694
248.696
248.694
248.694
248.696
248.694
248.692
248.694
246.435
248.698
248.685
244.935
228.476
248.693
248.696
244.875
248.697
248.698
244.91
228.547
248.694
248.692
248.694
248.696
248.697
248.694
248.692
248.694
248.694
248.697
244.878
248.694
248.697
244.929
248.694
248.697
228.384
244.866
248.698
248.697
244.93
248.694
248.692
248.694
248.697
248.697
248.694
248.692
248.694
248.694
248.697
244.898
248.694
248.697
244.919
228.646
248.694
248.697
244.914
248.694
248.695
244.919
228.69
248.697
248.694
248.693
248.696
248.693
248.699
228.618
244.913
248.697
248.694
244.925
228.355
248.687
248.699
245.091
228.75
225.836
225.621
226.269
226.039
219.375
216.824
220.781
221.216
216.608
221.536
224.736
225.341
225.38
224.354
220.281
218.346
219.714
218.82
218.631
218.755
226.576
223.915
226.328
223.52
219.363
217.995
220.484
219.983
217.072
219.24
226.118
224.326
225.769
225.463
220.224
219.33
219.58
219.57
220.25
0
0
0
0
208.839
212.965
216.294
215.617
209.301
217.369
214.469
212.092
214.077
213.838
0
0
0
248.691
248.162
248.694
248.696
248.695
248.693
248.693
248.695
248.695
248.693
248.693
248.695
248.695
248.692
248.695
248.695
248.695
248.69
248.694
248.692
248.697
248.693
248.693
248.697
248.697
248.693
248.693
248.697
248.696
248.693
248.694
248.696
0
0
0
0
0
0
0
0
0
0
0
0
0
0
0
0
0
0
0
0
0
0
9.09578
12.046
5.6148
7.57143
12.692
12.0679
9.03839
7.32127
12.2097
11.2752
6.44353
12.1272
7.57603
12.0405
10.8755
11.9868
6.01322
0
212.091
153.82
156.46
152.741
158.089
158.618
160.411
158.078
162.972
159.928
210.677
155.005
149.453
62.1796
53.6529
50.8407
70.9308
135.1
142.716
137.793
127.778
150.98
50.3999
74.3296
49.7628
47.6252
68.0983
55.1664
139.426
144.413
134.634
130.999
141.835
75.3225
53.3096
54.535
67.2785
53.57
127.036
144.873
134.974
121.47
143.527
53.3077
71.4053
55.1026
62.2921
60.035
134.366
153.721
145.664
244.625
248.696
248.692
248.692
248.692
248.692
248.694
248.69
247.92
248.691
248.69
248.694
248.699
248.698
248.693
248.692
248.694
248.69
248.693
248.696
248.698
248.695
248.694
248.693
248.699
248.699
248.693
248.693
248.699
248.699
248.693
248.695
248.698
248.695
248.698
248.695
248.698
248.695
248.698
248.693
248.699
248.699
248.693
248.693
248.696
248.699
248.693
248.695
248.698
248.695
248.698
248.695
248.698
248.695
248.693
248.693
248.696
248.697
248.693
248.694
248.694
248.693
248.698
248.695
248.693
248.694
248.695
248.692
248.694
248.695
248.694
248.698
248.694
248.691
248.698
248.695
248.693
248.694
248.696
248.694
248.694
248.694
248.699
248.694
248.693
248.694
248.69
248.694
248.693
248.695
248.695
248.695
248.695
248.693
248.69
248.695
248.693
248.698
248.695
248.694
248.693
248.69
248.695
248.695
248.694
248.694
248.692
248.692
248.699
248.694
248.691
248.694
248.697
248.696
248.693
248.697
248.696
248.693
248.693
248.695
248.693
248.69
248.692
248.693
248.692
248.693
248.695
248.695
248.695
248.693
248.693
248.695
248.695
248.693
248.695
248.694
248.695
248.694
248.695
248.694
248.695
248.692
248.693
248.696
248.695
248.694
248.695
248.694
248.696
248.694
248.696
248.694
248.695
248.694
248.694
248.693
248.695
248.694
248.695
248.695
248.696
248.693
248.695
248.697
248.694
248.653
248.695
248.698
248.695
248.697
248.692
248.699
248.695
248.697
248.693
248.693
248.697
248.692
248.696
248.692
248.695
248.692
248.695
248.694
248.692
248.695
248.694
248.697
248.694
248.693
248.697
248.692
248.695
248.692
248.695
248.692
248.696
248.694
248.692
248.695
248.694
248.691
248.697
248.693
248.694
248.691
248.697
248.695
248.696
213.271
221.895
212.063
217.626
223.369
222.424
209.021
218.392
224.509
217.735
222.674
209.03
215.588
223.338
222.479
215.695
214.631
222.816
0
0
0
0
0.932763
0.925875
0
0
0
0
0
0
227.019
228.246
226.525
228.437
226.936
228.388
228.314
226.517
225.979
228.418
228.501
226.047
227.59
228.758
228.519
227.228
0
0
0
0
0
0
0
0
0
0
0
0
0
0
0
0
0
0
0
0
0
0
0
0
0
0
0.397652
0
0
0
0
0
208.757
204.621
206.458
203.499
204.698
204.392
203.723
227.311
228.519
228.486
228.453
228.358
228.511
228.548
228.691
226.497
228.525
226.637
228.562
218.998
214.589
216.582
216.498
226.866
228.308
226.447
228.3
217.54
215.269
217.788
218.349
207.523
226.681
228.578
226.798
228.335
217.944
214.333
218.328
214.196
211.133
218.266
213.744
0
0
0
0
0
0
0
0
0
0
0
0
0
0
0
0
0
0
0
0
0
0
0
0
0.523304
0.187011
0
0
0
0
0
89.026
110.101
90.2532
63.0796
132.87
71.7781
120.484
126.586
104.273
79.8637
115.809
80.7248
74.7098
125.205
74.7955
120.327
116.093
116.03
86.3911
102.264
85.9638
72.8638
121.531
67.4024
129.425
127.981
106.079
87.6
104.486
86.2994
71.21
121.283
66.7378
126.208
121.442
109.973
248.691
248.696
248.696
248.725
248.659
248.694
248.695
248.702
248.694
248.694
248.694
248.692
248.696
248.695
248.696
248.693
248.693
248.693
248.693
248.693
248.693
248.695
248.696
248.696
248.696
248.695
248.696
248.693
248.693
248.693
248.694
248.693
248.693
248.695
248.696
248.696
248.693
248.694
248.697
248.693
248.697
248.692
248.692
248.697
248.695
248.693
248.696
248.693
248.692
248.694
248.694
248.698
248.691
248.696
248.696
248.694
248.697
248.696
248.691
248.691
248.695
248.697
248.695
248.693
248.694
248.695
248.695
248.693
248.695
248.697
248.695
248.695
248.695
248.697
248.695
248.693
248.695
248.695
248.695
248.693
248.695
248.697
248.695
248.695
248.694
248.696
248.697
248.691
248.694
248.692
248.695
248.697
248.694
248.693
248.694
248.696
248.695
248.723
248.699
248.698
248.692
248.698
248.698
248.692
248.692
248.698
248.698
248.692
248.695
248.695
248.694
248.694
248.694
248.697
248.694
248.694
248.694
248.696
248.697
248.694
248.694
248.696
248.697
248.694
248.696
248.698
248.695
248.696
226.866
228.429
228.428
226.699
225.496
224.723
220.32
224.785
224.871
226.919
228.231
228.116
226.52
225.807
225.413
222.214
225.333
225.051
223.061
226.534
228.303
228.488
226.471
225.208
225.033
221.888
225.299
224.898
222.803
226.89
228.074
228.188
227.211
225.75
225.079
226.032
225.798
222.631
223.22
0
0
0
0
0
0
0
0
0
0
0
0
0
0
0
0
0
0
0
0
0
0
0
0
0
0
0
0
0
0
0
0
0
0
0
0
0
0
0
0
0
0
0
0
0
0
0
0
0
0
0
0
0
0
0
0
0
0
0
0
0
0
0
0
0
0
0
0
0
0
0
0
0
0
0
0
0
0
0
0
0
0
0
0
0
0
0
0
0
0
0
0
0
0
0
0
0
0
0
10.7919
11.8271
5.59314
0
11.8733
7.22599
24.1296
62.9457
59.1802
21.3445
21.8076
23.5382
50.3237
48.3058
11.1012
0
0
10.1436
7.84765
0
21.9826
22.2701
21.9245
27.3019
58.8457
11.6764
11.4029
0
13.1698
6.91441
0
13.3941
5.92184
11.3715
44.2259
47.8553
11.7449
21.826
19.632
10.5555
0
9.6429
0.0252448
24.9922
25.3443
50.4475
27.5762
59.016
0
0
0.00382124
0
0
0
0.326468
0.108825
0
0
207.527
208.17
203.565
206.283
198.701
203.669
180.806
156.875
173.445
160.212
179.821
157.67
176.474
152.587
176.537
207.978
207.83
202.615
204.885
203.838
207.831
161.276
181.223
162.708
178.373
180.407
155.953
178.023
154.891
177.345
204.42
203.712
204.011
203.88
204.865
203.974
177.771
160.37
160.735
182.332
160.266
162.229
183.13
210.577
210.564
198.305
198.144
172.577
179.928
165.21
179.482
159.282
176.378
179.234
152.448
74.9707
80.249
109.56
75.0412
126.249
123.232
109.102
67.87
54.785
52.8514
78.0037
128.451
134.924
138.811
142.025
125.4
144.996
75.5233
90.2475
114.997
63.7238
127.154
131.586
104.69
48.9985
76.6731
47.2722
55.8395
67.2308
118.148
147.047
151.595
137.319
131.103
139.303
71.3795
80.1928
118.036
71.2229
128.298
127.495
115.745
70.6277
52.8995
58.2751
75.9751
54.0921
125.837
134.122
141.375
138.463
126.466
142.87
125.912
133.049
53.015
67.6299
60.0335
120.784
136.302
145.339
144.043
248.975
248.726
248.695
248.692
248.692
248.692
248.692
248.692
248.692
248.692
248.692
248.692
248.694
248.698
248.692
248.696
248.695
248.73
248.65
248.696
248.703
248.694
248.688
248.696
248.693
248.699
248.692
248.695
248.691
248.693
248.695
248.699
248.692
248.699
248.696
248.692
248.699
248.692
248.698
248.695
248.695
248.693
248.697
248.695
248.694
248.695
248.698
248.695
248.693
248.699
248.692
248.692
248.699
248.693
248.695
248.695
248.693
248.699
248.692
248.692
248.699
248.693
248.695
248.695
248.694
248.693
248.693
248.695
248.694
248.694
248.693
248.695
248.694
248.694
248.698
248.695
248.694
248.694
248.698
248.695
248.693
248.699
248.692
248.692
248.699
248.693
248.695
248.695
248.693
248.696
248.692
248.692
248.699
248.694
248.696
248.695
248.694
248.694
248.698
248.695
248.694
248.694
248.698
248.695
248.694
248.694
248.698
248.696
248.694
248.694
248.693
248.694
248.695
248.695
248.692
248.697
248.692
248.695
248.695
248.696
248.696
248.697
248.694
248.699
248.694
248.693
248.691
248.693
248.694
248.693
248.697
248.696
248.694
248.694
248.691
248.694
248.694
248.697
248.695
248.695
248.696
248.697
248.695
248.696
248.695
248.695
248.694
248.694
248.692
248.695
248.693
248.691
248.696
248.699
248.641
248.694
248.685
248.697
248.697
248.694
248.691
248.691
248.698
248.693
248.695
248.694
248.691
248.694
248.699
248.694
248.694
248.694
248.693
248.691
248.691
248.693
248.69
248.699
248.694
248.695
248.693
248.691
248.695
248.697
248.695
248.695
248.697
248.694
248.695
248.697
248.694
248.695
248.697
248.694
248.694
248.691
248.694
248.695
248.694
248.699
248.69
248.694
248.691
248.691
248.694
248.69
248.695
248.699
248.69
248.693
248.696
248.695
248.697
248.694
248.695
248.697
248.694
248.695
248.697
248.695
248.695
248.697
248.694
248.693
248.694
248.696
248.692
248.694
248.694
248.698
248.697
248.694
248.694
248.692
248.693
248.692
248.697
248.695
248.694
248.692
248.695
248.698
248.694
248.694
248.703
248.697
248.696
248.696
248.693
248.693
248.694
248.695
248.694
248.694
248.695
248.696
248.696
248.699
248.696
248.695
248.69
248.695
248.697
248.696
248.69
248.694
248.692
248.693
248.696
248.696
248.695
248.694
248.693
248.693
248.693
248.695
248.694
248.694
248.695
248.693
248.694
248.696
248.695
248.696
248.693
248.693
248.693
248.693
248.693
248.693
248.695
248.696
248.696
248.695
248.694
248.694
248.694
248.694
248.693
248.695
248.694
248.694
248.693
248.694
248.693
248.695
248.694
248.694
248.693
248.694
248.693
248.695
248.694
248.694
248.693
248.694
248.693
248.696
248.695
248.696
248.692
248.698
248.693
248.694
248.693
248.694
248.696
248.692
248.692
248.695
248.694
248.694
248.693
248.694
248.693
248.695
248.694
248.694
248.693
248.694
248.693
248.695
248.694
248.694
248.694
248.694
248.694
248.696
248.694
248.694
248.693
248.694
248.694
248.692
248.695
248.695
248.695
248.696
248.698
248.694
248.694
248.694
248.693
248.696
248.697
248.698
248.694
248.697
248.694
248.697
248.693
248.695
248.694
248.696
248.694
248.698
248.696
248.697
248.693
248.696
248.698
248.694
248.695
248.697
248.693
248.69
248.697
248.695
248.695
248.693
248.695
248.697
248.689
248.794
248.721
248.697
248.696
248.694
248.695
248.709
248.699
248.693
248.695
248.694
248.693
248.694
248.694
248.692
248.697
248.697
248.695
248.694
248.69
248.695
248.697
248.695
248.693
248.695
248.695
248.695
248.693
248.695
248.697
248.695
248.695
248.692
248.696
248.696
248.693
248.695
248.692
248.692
248.696
248.696
248.692
248.695
248.692
248.692
248.696
248.696
248.692
248.695
248.694
248.692
248.692
248.696
248.696
248.692
248.695
248.692
248.695
248.697
248.695
248.694
248.695
248.695
248.695
248.694
248.695
248.697
248.695
248.695
248.692
248.696
248.696
248.692
248.695
248.692
248.692
248.696
248.696
248.692
248.695
248.692
248.692
248.696
248.696
248.693
248.695
248.692
248.693
248.692
248.696
248.696
248.692
248.695
248.692
248.695
248.693
248.695
248.694
248.697
248.696
248.692
248.694
248.693
248.696
248.697
248.696
248.695
248.695
248.694
248.693
248.693
248.691
248.693
248.697
248.691
248.699
248.691
248.695
248.694
248.697
248.693
248.694
248.692
248.694
248.695
248.697
248.695
248.69
248.693
248.694
248.693
248.692
248.698
248.698
248.692
248.695
248.698
248.69
248.698
248.69
248.698
248.695
248.698
248.692
248.697
248.698
248.692
248.69
248.698
248.694
248.698
248.69
248.693
248.69
248.698
248.695
248.693
248.694
248.696
248.693
248.693
248.696
248.696
248.694
248.696
248.697
248.694
248.697
245.573
248.714
228.442
245.051
248.692
244.888
228.536
248.693
244.892
228.553
248.694
248.696
248.697
248.694
248.697
228.795
228.653
228.45
244.882
248.697
244.929
248.693
228.671
228.372
244.866
248.693
244.867
248.695
248.697
248.697
248.694
248.697
244.898
248.697
228.554
244.892
248.698
244.91
228.668
248.694
244.919
228.686
248.693
248.694
248.694
228.318
228.382
244.858
248.693
244.871
248.68
228.792
245.394
226.347
228.511
226.579
228.565
225.664
225.674
222.417
225.68
225.668
222.23
221.684
218.749
221.998
214.591
215.016
222.859
221.551
220.848
214.185
210.337
215.001
222.221
221.564
227.308
228.848
227.156
228.494
225.135
225.352
225.584
224.619
222.923
220.581
222.998
216.422
218.491
218.673
218.086
218.51
209.923
218.414
223.721
218.506
226.7
228.224
226.504
228.297
226.593
224.135
226.421
223.891
223.293
218.043
222.474
217.03
217.477
222.782
219.077
220.296
223.1
214.624
210.091
216.019
218.082
227.089
228.161
226.829
228.662
222.032
221.05
215.607
218.516
223.436
219.008
213.488
210.859
218.719
219.69
)
;
    }
    solarpanel_body_back
    {
        type            calculated;
        value           nonuniform List<scalar> 
907
(
160.488
207.377
170.305
182.947
192.384
229.907
244.582
239.798
238.767
243.016
243.732
240.01
237.719
174.462
165.112
167.439
173.44
173.871
168.053
166.358
175.425
174.876
166.995
167.459
173.152
174.372
168.816
167.313
171.464
259.528
257.979
257.746
258.534
258.595
258.927
258.659
259.868
172.842
173.747
188.684
184.123
186.592
185.09
174.54
166.041
173.457
189.212
187.369
188.487
180.166
188.418
174.747
173.117
188.325
187.764
189.146
188.545
173.581
167.299
177.325
188.079
178.319
186.631
188.239
236.605
233.738
242.726
242.287
240.897
241.469
239.366
240.29
259.59
258.845
257.808
259.474
261.698
259.159
259.505
258.872
261.722
158.686
158.597
158.474
158.529
158.866
158.879
159.129
158.787
158.681
158.542
158.575
158.594
158.646
158.669
158.671
158.663
244.218
246.961
248.931
248.138
246.742
247.534
247.57
248.458
158.712
158.688
158.919
158.686
158.644
158.616
158.576
158.681
158.623
158.597
158.671
158.533
229.164
234.393
237.319
235.523
236.872
232.731
230.158
230.482
228.305
230.943
238.943
237.37
238.254
237.607
241.854
240.209
240.788
242.417
243.51
240.329
236.985
249.638
250.001
251.185
249.386
159.58
159.572
158.637
158.511
158.67
158.499
159.363
158.906
158.831
158.761
158.798
158.762
158.801
159.416
158.749
158.682
158.713
158.67
159.416
159.293
159.237
158.782
158.752
158.784
158.673
174.604
176.249
174.467
166.914
168.932
171.456
169.941
167.467
170.851
175.617
171.055
172.475
172.199
175.077
171.959
167.691
170.829
169.885
171.497
167.006
170.542
176.273
171.535
170.886
172.57
175.961
173.123
167.947
171.026
169.688
168.803
168.105
169.099
175.364
172.067
172.623
171.257
174.047
170.801
167.621
172.447
170.676
171.03
167.607
170.871
172.495
171.87
170.715
256.535
259.451
250.569
249.015
254.161
254.777
255.307
258.566
258.961
259.025
246.234
247.332
253.617
255.444
258.575
258.325
255.478
259.884
246.648
246.56
255.686
255.005
256.915
259.858
258.152
259.157
249.81
250.694
252.238
253.085
256.02
259.323
159.515
159.399
158.768
158.588
158.767
158.67
159.259
163.01
163.946
162.337
163.006
161.624
164.42
161.077
164.922
159.517
159.264
158.726
158.696
158.744
158.682
159.31
161.576
165.123
161.471
165.533
161.865
165.144
161.578
165.594
159.368
159.21
158.523
158.681
158.644
158.555
159.469
161.984
163.819
161.962
164.549
162.671
163.162
162.159
163.278
158.995
159.18
158.945
158.779
158.72
158.769
162.789
164.087
163.482
164.373
161.909
165.179
172.85
174.138
172.593
166.284
169.82
169.329
169.424
169.29
173.558
172.442
172.968
183.55
184.472
187.477
178.781
184.489
186.489
178.609
182.429
185.723
188.584
181.372
184.267
187.516
171.173
175.508
171.553
172.183
171.735
171.27
166.016
171.171
174.423
173.099
172.756
182.069
183.542
190.467
182.876
184.407
189.187
181.685
183.106
185.893
182.929
186.647
186.302
173.257
173.683
173.283
166.897
172.745
171.334
169.652
170.574
173.232
173.296
173.107
181.918
181.63
188.386
180.763
184.141
187.833
178.624
180.164
182.28
187.37
182.359
186.46
186.302
171.651
172.787
171.492
171.638
171.466
178.112
182.544
181.732
187.64
180.113
184.788
186.892
182.145
183.332
191.318
201.548
203.921
213.906
205.631
206.022
236.545
238.077
232.164
229.787
220.633
223.513
229.934
231.768
224.945
206.717
203.781
199.099
202.13
211.501
223.586
227.661
230.15
229.165
224.721
232.518
231.873
226
225.416
202.31
201.813
211.207
202.684
200.633
233.299
232.408
227.589
223.539
222.907
224.541
231.743
232.107
225.987
204.487
204.383
206.603
205.231
223.938
223.744
237.153
237.22
233.711
232.2
223.118
228.661
238.617
237.428
243.677
241.345
241.24
240.301
238.407
242.717
257.478
259.131
251.532
251.551
258.302
258.827
262.046
261.152
262.065
261.767
261.474
261.934
261.913
255.101
258.783
254.45
255.418
255.444
259.827
261.755
261.686
261.855
261.93
262.12
260.955
258.22
258.463
254.433
253.25
257.834
258.802
261.528
261.422
261.304
262.044
261.838
261.884
261.318
257.908
258.228
249.074
247.587
254.342
262.019
262.122
261.171
261.628
159.657
159.242
161.005
160.491
160.834
159.738
160.821
160.46
160.398
160.669
161.375
164.575
160.649
167.468
161.605
166.464
165.573
160.909
167.044
167.502
160.945
160.109
160.9
165.166
161.205
165.535
160.931
165.345
160.779
166.165
165.548
160.296
160.192
160.729
165.31
161.441
165.112
160.553
167.492
165.258
161.036
166.999
164.678
160.716
160.881
164.955
160.558
165.072
160.881
164.977
175.511
179.004
176.374
178.004
178.022
177.669
178.553
177.11
178.511
178.627
180.25
178.384
205.774
205.44
210.144
223.954
222.925
212.777
221.319
211.94
227.113
207.256
207.9
208.149
220.126
217.259
226.954
228.691
219.208
218.348
206.466
208.451
212.094
226.516
223.064
214.864
217.706
213.657
227.76
208.013
209.768
208.243
219.507
219.241
222.943
218.048
261.006
260.994
261.252
261.342
261.415
261.445
261.287
260.474
261.409
261.166
261.026
260.609
261.714
199.569
198.914
203.13
193.216
201.464
198.368
192.181
192.568
200.649
197.771
192.078
198.319
200.57
199.194
199.058
192.841
197.91
197.543
192.455
192.601
197.668
246.78
247.6
159.916
160.507
157.743
161.093
159.112
159.068
160.592
160.811
159.363
159.47
160.094
160.558
159.412
159.571
160.191
255.385
254.732
252.629
255.267
256.99
251.843
255.998
258.797
254.522
254.234
253.485
257.342
257.934
252.028
252.473
254.223
161.231
160.876
159.114
161.379
162.441
164.622
165.17
160.696
161.676
163.089
166.402
161.553
162.197
164.378
166.133
160.935
161.182
164.072
166.98
166.605
160.919
160.377
159.366
161.227
161.604
164.66
165.421
161.394
161.364
165.576
165.646
160.891
161.754
164.568
165.483
165.908
160.293
162.309
165.585
165.501
159.915
159.893
159.469
161.212
161.543
163.557
165.33
161.333
162.273
164.927
165.178
161.495
162.066
164.212
166.357
161.718
162.439
164.368
165.845
167.536
160.882
160.953
162.269
165.011
164.249
160.534
163.661
164.887
164.793
161.065
162.004
164.979
165.896
166.827
176.408
178.181
178.41
183.187
186.275
189.627
192.269
180.567
186.962
192.68
180.955
187.126
190.633
180.078
185.497
177.114
177.109
177.553
178.368
182.647
183.373
182.615
184.177
191.957
191.609
181.014
184.935
193.518
182.603
186.204
194.507
191.57
176.502
177.521
179.811
182.507
183.033
191.765
191.667
181.401
183.736
192.978
180.485
183.498
192.961
182.523
186.123
178.781
179.783
181.326
184.003
180.751
185.077
192.896
192.866
181.388
185.712
192.696
191.703
198.129
193.877
196.306
208.808
202.585
202.94
212.29
197.815
194.397
193.33
195.563
208.898
205.414
201.749
208.075
218.276
225.444
214.132
222.126
217.219
196.624
199.69
206.154
209.841
201.894
207.012
198.925
201.942
210.09
202.391
206.48
209.791
216.434
213.893
227.991
215.762
216.168
198.879
191.634
199.889
206.829
204.934
206.798
208.392
197.181
193.141
191.038
198.332
211.011
204.78
204.197
210.636
221.793
222.956
217.331
220.897
217.127
198.09
198.608
205.751
207.171
206.282
209.44
201.789
199.499
207.181
221.887
222.44
223.426
220.861
249.598
250.129
245.46
246.396
247.974
248.415
256.371
251.678
251.4
258.84
261.149
261.272
260.762
261.939
261.854
255
253.356
253.911
256.502
261.849
261.609
261.164
261.869
261.661
262.023
257.232
255.042
253.205
255.452
262.201
261.35
261.863
261.876
262.019
257.862
253.389
261.809
261.06
261.681
262.228
262.165
261.651
)
;
    }
    ref_wall
    {
        type            calculated;
        value           nonuniform List<scalar> 
1377
(
11.9777
11.9777
0
0
0
0
11.9777
11.9777
0
0
0
0
11.9777
11.9777
0
0
0
0
11.9777
11.9777
0
0
0
0
11.9777
11.9777
0
0
0
0
11.9777
11.9777
0
0
0
0
11.9777
11.9777
0
0
0
0
11.9777
11.9777
0
0
0
0
11.9777
11.9777
0
0
0
0
0
0
0
0
0
17.1111
0
0
0
0
17.1111
0
0
0
0
17.1111
0
0
0
0
17.1111
0
0
0
0
17.1111
0
0
0
0
17.1111
0
0
0
0
17.1111
0
0
0
0
17.1111
0
0
0
0
17.1111
0
0
0
0
17.1111
0
0
0
0
17.1111
0
0
0
0
17.1111
0
0
0
0
17.1111
0
0
0
0
17.1111
0
0
0
0
17.1111
0
0
0
0
17.1111
0
0
0
0
17.1111
0
0
0
0
17.1111
0
0
0
0
17.1111
0
0
0
0
17.1111
0
0
0
0
17.1111
0
0
0
0
17.1111
0
0
0
0
17.1111
0
0
0
0
17.1111
0
0
0
0
17.1111
0
0
0
0
17.1111
0
0
0
0
17.1111
0
0
0
0
17.1111
0
0
0
0
17.1111
0
0
0
0
17.1111
0
0
0
0
17.1111
0
0
0
0
17.1111
0
0
0
0
17.1111
0
0
0
0
17.1111
0
0
0
0
17.1111
0
0
0
0
17.1111
0
11.9777
11.9777
11.9777
11.9777
11.9777
11.9777
0
0
0
0
0
0
0
0
0
0
0
0
17.1111
17.1111
17.1111
0
0
0
0
0
0
0
0
0
0
0
0
17.1111
17.1111
17.1111
0
0
0
0
0
0
0
0
0
0
0
0
17.1111
17.1111
17.1111
0
0
0
0
0
0
0
0
0
0
0
0
17.1111
0
17.1111
17.1111
0
11.9777
11.9777
11.9777
11.9777
11.9777
11.9777
0
0
0
0
0
0
0
0
0
0
0
0
17.1111
17.1111
17.1111
0
0
0
0
0
0
0
0
0
0
0
0
17.1111
17.1111
17.1111
0
0
0
0
0
0
0
0
0
0
0
0
17.1111
17.1111
17.1111
0
0
0
0
0
0
0
0
0
0
0
0
17.1111
0
17.1111
17.1111
0
11.9777
11.9777
11.9777
11.9777
11.9777
11.9777
0
0
0
0
0
0
0
0
0
0
0
0
17.1111
17.1111
17.1111
0
0
0
0
0
0
0
0
0
0
0
0
17.1111
17.1111
17.1111
0
0
0
0
0
0
0
0
0
0
0
0
17.1111
17.1111
17.1111
0
0
0
0
0
0
0
0
0
0
0
0
17.1111
0
17.1111
17.1111
0
11.9777
11.9777
11.9777
11.9777
11.9777
11.9777
0
0
0
0
0
0
0
0
0
0
0
0
17.1111
17.1111
17.1111
0
0
0
0
0
0
0
0
0
0
0
0
17.1111
17.1111
17.1111
0
0
0
0
0
0
0
0
0
0
0
0
17.1111
17.1111
17.1111
0
0
0
0
0
0
0
0
0
0
0
0
17.1111
0
17.1111
17.1111
0
11.9777
11.9777
11.9777
11.9777
11.9777
11.9777
0
0
0
0
0
0
0
0
0
0
0
0
17.1111
17.1111
17.1111
0
0
0
0
0
0
0
0
0
0
0
0
17.1111
17.1111
17.1111
0
0
0
0
0
0
0
0
0
0
0
0
17.1111
17.1111
17.1111
0
0
0
0
0
0
0
0
0
0
0
0
17.1111
0
17.1111
17.1111
0
11.9777
11.9777
11.9777
11.9777
11.9777
11.9777
0
0
0
0
0
0
0
0
0
0
0
0
17.1111
17.1111
17.1111
0
0
0
0
0
0
0
0
0
0
0
0
17.1111
17.1111
17.1111
0
0
0
0
0
0
0
0
0
0
0
0
17.1111
17.1111
17.1111
0
0
0
0
0
0
0
0
0
0
0
0
17.1111
0
17.1111
17.1111
0
11.9777
11.9777
11.9777
11.9777
11.9777
11.9777
0
0
0
0
0
0
0
0
0
0
0
0
17.1111
17.1111
17.1111
0
0
0
0
0
0
0
0
0
0
0
0
17.1111
17.1111
17.1111
0
0
0
0
0
0
0
0
0
0
0
0
17.1111
17.1111
17.1111
0
0
0
0
0
0
0
0
0
0
0
0
17.1111
0
17.1111
17.1111
0
11.9777
11.9777
11.9777
11.9777
11.9777
11.9777
0
0
0
0
0
0
0
0
0
0
0
0
17.1111
17.1111
17.1111
0
0
0
0
0
0
0
0
0
0
0
0
17.1111
17.1111
17.1111
0
0
0
0
0
0
0
0
0
0
0
0
17.1111
17.1111
17.1111
0
0
0
0
0
0
0
0
0
0
0
0
17.1111
0
17.1111
17.1111
0
11.9777
11.9777
11.9777
11.9777
11.9777
11.9777
0
0
0
0
0
0
0
0
0
0
0
0
17.1111
17.1111
17.1111
0
0
0
0
0
0
0
0
0
0
0
0
17.1111
17.1111
17.1111
0
0
0
0
0
0
0
0
0
0
0
0
17.1111
17.1111
17.1111
0
0
0
0
0
0
0
0
0
0
0
0
17.1111
0
17.1111
17.1111
0
25.6666
25.6666
25.6666
25.6666
25.6666
25.6666
25.6666
25.6666
0
11.9777
17.1111
17.1111
17.1111
17.1111
11.9777
17.1111
17.1111
17.1111
17.1111
11.9777
17.1111
17.1111
17.1111
17.1111
11.9777
17.1111
17.1111
17.1111
17.1111
11.9777
17.1111
17.1111
17.1111
17.1111
11.9777
17.1111
17.1111
17.1111
17.1111
11.9777
17.1111
17.1111
17.1111
17.1111
11.9777
17.1111
17.1111
17.1111
17.1111
11.9777
17.1111
17.1111
17.1111
17.1111
11.9777
17.1111
25.6666
17.1111
25.6666
17.1111
25.6666
17.1111
25.6666
17.1111
11.9777
17.1111
17.1111
17.1111
17.1111
17.1111
17.1111
17.1111
17.1111
17.1111
17.1111
11.9777
17.1111
17.1111
17.1111
17.1111
17.1111
17.1111
17.1111
17.1111
17.1111
17.1111
11.9777
17.1111
17.1111
17.1111
17.1111
17.1111
17.1111
17.1111
17.1111
17.1111
17.1111
11.9777
17.1111
17.1111
17.1111
17.1111
17.1111
17.1111
17.1111
17.1111
17.1111
17.1111
11.9777
17.1111
17.1111
17.1111
17.1111
17.1111
17.1111
17.1111
17.1111
17.1111
17.1111
11.9777
17.1111
17.1111
17.1111
17.1111
17.1111
17.1111
17.1111
17.1111
17.1111
17.1111
11.9777
17.1111
17.1111
17.1111
17.1111
17.1111
17.1111
17.1111
17.1111
17.1111
17.1111
11.9777
17.1111
17.1111
17.1111
17.1111
17.1111
17.1111
17.1111
17.1111
17.1111
17.1111
11.9777
17.1111
17.1111
17.1111
17.1111
17.1111
17.1111
17.1111
17.1111
17.1111
11.9777
25.6666
25.6666
25.6666
25.6666
25.6666
25.6666
25.6666
17.1111
17.1111
11.9777
17.1111
17.1111
17.1111
17.1111
17.1111
17.1111
17.1111
17.1111
11.9777
17.1111
17.1111
17.1111
17.1111
17.1111
17.1111
17.1111
17.1111
11.9777
17.1111
17.1111
17.1111
17.1111
17.1111
17.1111
17.1111
17.1111
11.9777
17.1111
17.1111
17.1111
17.1111
17.1111
17.1111
17.1111
17.1111
11.9777
17.1111
17.1111
17.1111
17.1111
17.1111
17.1111
17.1111
17.1111
11.9777
17.1111
17.1111
17.1111
17.1111
17.1111
17.1111
17.1111
17.1111
11.9777
17.1111
17.1111
17.1111
17.1111
17.1111
17.1111
17.1111
17.1111
11.9777
17.1111
17.1111
17.1111
17.1111
17.1111
17.1111
17.1111
17.1111
11.9777
17.1111
17.1111
17.1111
17.1111
17.1111
17.1111
17.1111
25.6666
17.1111
25.6666
17.1111
25.6666
17.1111
17.1111
17.1111
11.9777
17.1111
17.1111
17.1111
17.1111
17.1111
17.1111
17.1111
17.1111
17.1111
17.1111
17.1111
17.1111
17.1111
17.1111
17.1111
0
0
17.1111
17.1111
17.1111
17.1111
17.1111
17.1111
17.1111
11.9777
17.1111
17.1111
17.1111
17.1111
17.1111
17.1111
17.1111
17.1111
17.1111
17.1111
17.1111
17.1111
17.1111
17.1111
17.1111
0
0
17.1111
17.1111
17.1111
17.1111
17.1111
17.1111
17.1111
11.9777
17.1111
17.1111
17.1111
17.1111
17.1111
17.1111
17.1111
17.1111
17.1111
17.1111
17.1111
17.1111
17.1111
17.1111
17.1111
0
0
17.1111
17.1111
17.1111
17.1111
17.1111
17.1111
17.1111
11.9777
17.1111
17.1111
17.1111
17.1111
17.1111
17.1111
17.1111
17.1111
17.1111
17.1111
17.1111
17.1111
17.1111
17.1111
17.1111
0
0
17.1111
17.1111
17.1111
17.1111
17.1111
17.1111
17.1111
11.9777
17.1111
17.1111
17.1111
17.1111
17.1111
17.1111
17.1111
17.1111
17.1111
17.1111
17.1111
17.1111
17.1111
17.1111
17.1111
0
0
17.1111
17.1111
17.1111
17.1111
17.1111
17.1111
17.1111
11.9777
17.1111
17.1111
17.1111
17.1111
17.1111
17.1111
17.1111
17.1111
17.1111
17.1111
17.1111
17.1111
17.1111
17.1111
17.1111
0
0
17.1111
17.1111
17.1111
17.1111
17.1111
17.1111
17.1111
11.9777
17.1111
17.1111
17.1111
17.1111
17.1111
17.1111
17.1111
17.1111
17.1111
17.1111
17.1111
17.1111
17.1111
17.1111
17.1111
0
0
17.1111
17.1111
17.1111
17.1111
17.1111
17.1111
17.1111
11.9777
17.1111
17.1111
17.1111
17.1111
17.1111
17.1111
17.1111
17.1111
17.1111
17.1111
17.1111
17.1111
17.1111
17.1111
17.1111
0
0
17.1111
17.1111
17.1111
17.1111
17.1111
17.1111
17.1111
11.9777
17.1111
17.1111
17.1111
17.1111
17.1111
17.1111
17.1111
17.1111
17.1111
17.1111
17.1111
17.1111
17.1111
17.1111
17.1111
0
0
17.1111
17.1111
17.1111
17.1111
25.6666
0
11.9777
25.6666
0
25.6666
25.6666
0
0
25.6666
0
25.6666
0
25.6666
25.6666
0
0
25.6666
0
25.6666
0
25.6666
25.6666
0
0
25.6666
0
25.6666
0
25.6666
0
17.1111
25.6666
17.1111
25.6666
17.1111
25.6666
17.1111
25.6666
17.1111
25.6666
17.1111
25.6666
17.1111
25.6666
17.1111
25.6666
)
;
    }
}


// ************************************************************************* //
