/*--------------------------------*- C++ -*----------------------------------*\
| =========                 |                                                 |
| \\      /  F ield         | OpenFOAM: The Open Source CFD Toolbox           |
|  \\    /   O peration     | Version:  v1906                                 |
|   \\  /    A nd           | Web:      www.OpenFOAM.com                      |
|    \\/     M anipulation  |                                                 |
\*---------------------------------------------------------------------------*/
FoamFile
{
    version     2.0;
    format      ascii;
    class       volScalarField;
    location    "30";
    object      qprimaryRad_1;
}
// * * * * * * * * * * * * * * * * * * * * * * * * * * * * * * * * * * * * * //

dimensions      [1 0 -3 0 0 0 0];


internalField   uniform 0;

boundaryField
{
    XMin
    {
        type            calculated;
        value           uniform 0;
    }
    XMax
    {
        type            calculated;
        value           uniform 0;
    }
    YMin
    {
        type            calculated;
        value           uniform 0;
    }
    YMax
    {
        type            calculated;
        value           uniform 0;
    }
    ZMin
    {
        type            calculated;
        value           nonuniform List<scalar> 
1240
(
299.443
299.443
299.443
299.443
299.443
299.443
299.443
0
0
0
0
299.443
299.443
299.443
299.443
299.443
299.443
299.443
299.443
299.443
299.443
299.443
299.443
299.443
0
0
0
0
299.443
299.443
299.443
299.443
299.443
299.443
299.443
299.443
299.443
299.443
299.443
299.443
299.443
299.443
299.443
299.443
299.443
299.443
299.443
299.443
299.443
299.443
299.443
0
0
0
0
0
0
0
0
0
0
299.443
299.443
299.443
299.443
299.443
299.443
0
0
0
0
0
0
0
0
0
0
0
299.443
299.443
299.443
299.443
299.443
299.443
299.443
299.443
299.443
299.443
299.443
299.443
299.443
299.443
299.443
299.443
299.443
299.443
299.443
299.443
299.443
299.443
299.443
299.443
299.443
299.443
299.443
299.443
299.443
299.443
299.443
299.443
299.443
299.443
299.443
299.443
299.443
299.443
299.443
299.443
299.443
299.443
299.443
299.443
299.443
299.443
299.443
299.443
299.443
299.443
299.443
299.443
299.443
299.443
299.443
299.443
299.443
299.443
299.443
299.443
299.443
299.443
0
299.443
0
0
0
0
0
0
0
0
0
299.443
299.443
299.443
0
0
0
0
0
299.443
299.443
299.443
0
0
0
0
0
0
299.443
0
0
299.443
0
299.443
0
0
0
0
0
0
0
0
0
0
0
0
0
0
0
0
0
0
0
0
0
0
0
0
0
0
0
0
0
0
299.443
299.443
299.443
299.443
299.443
299.443
299.443
299.443
299.443
299.443
299.443
299.443
299.443
299.443
299.443
299.443
299.443
299.443
299.443
299.443
299.443
299.443
299.443
299.443
299.443
299.443
299.443
299.443
299.443
299.443
299.443
299.443
299.443
299.443
299.443
299.443
299.443
299.443
299.443
299.443
299.443
299.443
299.443
299.443
299.443
299.443
299.443
299.443
299.443
299.443
299.443
299.443
299.443
299.443
299.443
299.443
299.443
299.443
299.443
299.443
299.443
299.443
299.443
299.443
299.443
299.443
299.443
299.443
299.443
299.443
299.443
299.443
299.443
299.443
299.443
299.443
299.443
299.443
299.443
0
0
299.443
0
0
0
0
0
0
0
0
0
299.443
0
0
299.443
299.443
299.443
299.443
299.443
299.443
299.443
299.443
299.443
0
0
299.443
299.443
0
299.443
299.443
299.443
299.443
299.443
299.443
299.443
299.443
299.443
299.443
299.443
299.443
299.443
299.443
299.443
299.443
299.443
299.443
299.443
299.443
299.443
299.443
299.443
299.443
299.443
299.443
299.443
299.443
299.443
299.443
299.443
299.443
299.443
299.443
299.443
299.443
299.443
299.443
299.443
299.443
299.443
299.443
299.443
299.443
299.443
299.443
299.443
299.443
299.443
299.443
299.443
299.443
0
0
0
0
0
0
0
0
0
0
0
0
0
0
299.443
299.443
299.443
299.443
299.443
299.443
299.443
299.443
299.443
299.443
0
299.443
0
0
0
0
0
0
0
0
0
0
0
0
0
0
0
0
0
0
0
0
0
0
0
0
0
0
0
0
0
0
0
0
0
0
0
0
0
0
0
0
0
0
0
0
0
0
0
0
0
0
0
0
0
0
0
0
0
0
0
0
0
299.443
299.443
299.443
299.443
299.443
299.443
299.443
299.443
299.443
299.443
299.443
299.443
299.443
299.443
299.443
299.443
299.443
299.443
299.443
299.443
299.443
299.443
299.443
299.443
299.443
299.443
299.443
299.443
299.443
299.443
299.443
299.443
299.443
299.443
299.443
299.443
299.443
299.443
299.443
299.443
299.443
299.443
299.443
299.443
299.443
299.443
299.443
299.443
299.443
299.443
299.443
299.443
299.443
299.443
299.443
299.443
299.443
299.443
299.443
299.443
299.443
299.443
299.443
299.443
299.443
299.443
299.443
299.443
299.443
299.443
299.443
299.443
299.443
299.443
299.443
299.443
299.443
299.443
299.443
299.443
299.443
299.443
299.443
299.443
299.443
299.443
299.443
299.443
299.443
299.443
299.443
299.443
299.443
299.443
299.443
299.443
0
0
0
299.443
299.443
0
0
0
0
0
0
0
0
0
0
0
0
0
0
0
0
0
0
0
0
0
0
0
0
0
0
0
0
0
0
0
0
0
0
0
0
0
0
0
0
0
0
0
0
0
0
0
0
0
0
0
0
0
0
0
0
0
0
0
0
0
299.443
299.443
299.443
299.443
299.443
299.443
299.443
299.443
299.443
299.443
299.443
299.443
299.443
299.443
299.443
299.443
299.443
299.443
299.443
299.443
299.443
299.443
299.443
299.443
299.443
299.443
299.443
299.443
299.443
299.443
299.443
299.443
299.443
299.443
299.443
299.443
299.443
299.443
299.443
299.443
299.443
299.443
299.443
299.443
299.443
299.443
299.443
299.443
299.443
299.443
299.443
299.443
299.443
299.443
299.443
299.443
299.443
299.443
299.443
299.443
299.443
299.443
299.443
299.443
299.443
299.443
299.443
299.443
299.443
299.443
299.443
299.443
299.443
299.443
299.443
299.443
299.443
299.443
299.443
299.443
299.443
299.443
299.443
299.443
299.443
299.443
299.443
299.443
299.443
299.443
299.443
299.443
299.443
299.443
299.443
299.443
299.443
299.443
299.443
299.443
299.443
299.443
0
0
299.443
0
0
0
299.443
299.443
299.443
299.443
299.443
299.443
299.443
299.443
299.443
299.443
299.443
299.443
0
0
0
0
0
0
0
0
0
0
0
0
0
0
0
0
0
0
0
0
0
0
0
0
0
0
0
0
0
0
0
0
0
0
0
0
0
0
0
0
0
0
0
0
0
0
0
0
0
0
0
0
0
0
0
0
0
0
0
0
0
0
0
299.443
299.443
299.443
0
0
0
0
0
0
0
0
299.443
299.443
299.443
0
0
0
0
0
0
0
0
299.443
299.443
299.443
0
0
0
0
0
0
0
0
299.443
299.443
299.443
299.443
299.443
299.443
299.443
299.443
299.443
299.443
299.443
299.443
299.443
299.443
299.443
299.443
299.443
299.443
299.443
299.443
299.443
299.443
299.443
299.443
299.443
299.443
299.443
299.443
299.443
299.443
299.443
299.443
299.443
299.443
299.443
299.443
299.443
299.443
299.443
299.443
299.443
299.443
299.443
299.443
299.443
299.443
299.443
299.443
299.443
299.443
299.443
299.443
299.443
299.443
299.443
299.443
299.443
299.443
299.443
299.443
299.443
299.443
299.443
299.443
299.443
299.443
299.443
299.443
299.443
299.443
299.443
0
0
299.443
299.443
299.443
299.443
299.443
299.443
299.443
299.443
0
0
0
299.443
299.443
299.443
299.443
299.443
299.443
299.443
299.443
299.443
0
299.443
299.443
0
0
0
299.443
299.443
299.443
0
0
0
299.443
299.443
299.443
299.443
299.443
299.443
299.443
299.443
299.443
299.443
299.443
299.443
299.443
299.443
299.443
299.443
0
299.443
0
0
0
0
0
0
0
0
0
0
0
0
0
0
0
0
0
0
0
0
0
0
0
0
0
0
0
299.443
299.443
0
299.443
299.443
299.443
0
0
0
0
0
0
0
0
0
0
0
0
0
0
0
0
0
0
0
0
0
0
0
0
0
0
0
0
0
0
0
0
0
299.443
299.443
299.443
299.443
299.443
299.443
299.443
299.443
299.443
299.443
299.443
299.443
299.443
299.443
299.443
299.443
299.443
299.443
299.443
299.443
299.443
299.443
299.443
299.443
299.443
299.443
299.443
299.443
299.443
299.443
299.443
299.443
299.443
299.443
299.443
299.443
299.443
299.443
299.443
299.443
299.443
299.443
299.443
299.443
299.443
299.443
299.443
299.443
299.443
299.443
299.443
299.443
299.443
299.443
299.443
299.443
299.443
299.443
299.443
299.443
299.443
299.443
299.443
0
0
299.443
0
0
0
0
299.443
299.443
299.443
299.443
0
0
299.443
299.443
299.443
299.443
0
0
299.443
299.443
299.443
299.443
0
0
299.443
299.443
299.443
299.443
299.443
0
0
0
0
0
0
0
0
0
0
0
0
0
0
0
0
0
0
0
0
0
0
0
0
0
0
0
0
0
0
299.443
299.443
299.443
299.443
299.443
299.443
299.443
299.443
299.443
299.443
299.443
299.443
299.443
299.443
299.443
299.443
299.443
299.443
299.443
299.443
299.443
299.443
299.443
299.443
299.443
0
0
299.443
299.443
299.443
299.443
299.443
299.443
299.443
299.443
299.443
299.443
299.443
299.443
299.443
299.443
299.443
299.443
299.443
299.443
299.443
299.443
299.443
299.443
299.443
299.443
299.443
299.443
299.443
299.443
299.443
299.443
299.443
299.443
299.443
299.443
299.443
299.443
299.443
299.443
299.443
299.443
299.443
299.443
299.443
299.443
299.443
299.443
299.443
299.443
299.443
299.443
299.443
299.443
299.443
299.443
299.443
299.443
299.443
299.443
299.443
299.443
299.443
299.443
299.443
299.443
299.443
299.443
299.443
299.443
299.443
299.443
299.443
299.443
)
;
    }
    ZMax
    {
        type            calculated;
        value           uniform 0;
    }
    solarpanel_body_left
    {
        type            calculated;
        value           uniform 0;
    }
    solarpanel_body_right
    {
        type            calculated;
        value           nonuniform List<scalar> 
2169
(
199.629
199.629
199.629
199.629
199.639
199.629
199.629
199.63
199.629
199.629
199.629
199.629
199.629
199.629
199.629
199.629
199.629
199.629
199.629
199.629
199.629
199.629
199.629
199.629
199.629
199.629
199.629
199.629
199.629
199.629
199.629
199.629
199.629
199.629
199.629
199.629
199.629
199.629
199.629
199.629
199.629
199.629
199.629
199.629
199.629
199.629
199.629
199.629
199.629
199.629
199.629
199.629
199.629
199.629
199.629
199.629
199.629
199.629
199.629
199.629
199.629
199.629
199.629
199.629
199.629
199.629
199.629
199.629
199.629
199.629
199.629
199.629
199.629
199.629
199.629
199.629
199.629
199.629
199.629
199.629
199.629
199.629
199.629
199.629
199.629
199.629
199.629
199.629
199.629
199.629
199.629
199.629
199.629
199.629
199.629
199.629
199.629
199.629
199.629
199.629
199.629
199.629
199.629
199.629
199.629
199.629
199.629
199.629
199.629
199.629
199.629
199.629
199.629
199.629
199.629
199.629
199.629
199.629
199.629
199.629
199.629
199.629
199.629
199.629
199.629
199.629
199.629
199.629
199.629
199.629
199.629
199.629
199.629
199.629
199.629
199.629
199.629
199.629
199.629
199.629
199.629
199.629
199.629
199.629
199.629
199.629
199.629
199.629
199.629
199.629
199.629
199.629
199.629
199.629
199.629
199.629
199.629
199.629
199.629
199.629
199.629
199.629
199.629
199.629
199.629
199.629
199.629
199.629
199.629
199.629
199.629
199.629
199.629
199.629
199.629
199.687
199.629
199.639
199.635
199.616
199.611
199.653
199.613
199.629
199.629
199.629
199.629
199.629
199.629
199.629
199.629
199.629
199.629
199.629
199.629
199.629
199.629
199.629
199.629
199.629
199.629
199.629
199.629
199.629
199.629
199.629
199.629
199.629
199.629
199.629
199.629
199.629
199.629
199.629
199.629
199.629
199.629
199.629
199.629
199.629
199.629
199.629
199.629
199.629
199.629
199.629
199.629
199.629
199.629
199.629
199.629
199.629
199.629
199.629
199.629
199.629
199.629
199.629
199.629
199.629
199.629
199.629
199.629
199.629
199.629
199.629
199.629
199.629
199.629
199.629
199.629
199.629
199.629
199.629
199.629
199.629
199.629
199.629
199.629
199.629
199.629
199.629
199.629
199.629
199.629
199.629
199.629
199.629
199.629
199.629
199.629
199.629
199.629
199.629
199.629
199.629
199.629
199.629
199.629
199.629
199.629
199.629
199.629
199.629
199.629
199.629
199.629
199.629
199.629
199.629
199.629
199.629
199.629
199.629
199.629
199.629
199.629
199.629
199.629
199.629
199.629
199.629
199.629
199.629
199.629
199.629
199.629
199.629
199.629
199.629
199.629
199.629
199.629
199.629
199.629
199.629
199.629
199.629
199.629
199.629
199.629
199.629
199.629
199.629
199.629
199.629
199.629
199.629
199.629
199.629
199.629
199.629
199.629
199.629
199.629
199.629
199.629
199.629
199.629
199.629
199.629
199.629
199.631
199.632
199.629
199.629
199.629
199.629
199.629
199.629
199.629
199.629
199.629
199.629
199.629
199.629
199.629
199.629
199.629
199.629
199.629
199.629
199.629
199.629
199.629
199.629
199.629
199.629
199.629
199.629
199.629
199.629
199.629
199.629
199.629
199.629
199.629
199.629
199.629
199.629
199.629
199.629
199.629
199.629
199.629
199.629
199.629
199.629
199.629
199.629
199.629
199.629
199.629
199.629
199.629
199.629
199.629
199.629
199.629
199.629
199.629
199.629
199.629
199.629
199.629
199.629
199.629
199.629
199.629
199.629
199.629
199.629
199.629
199.629
199.629
199.629
199.629
199.629
199.629
199.629
199.629
199.629
199.629
199.629
199.629
199.629
199.629
199.629
199.629
199.629
199.629
199.629
199.629
199.629
199.629
199.629
199.629
199.629
199.629
199.629
199.629
199.629
199.629
199.629
199.629
199.629
199.629
199.629
199.629
199.629
199.629
199.629
199.629
199.644
199.629
199.652
199.629
199.629
199.629
199.629
199.629
199.629
199.629
199.629
199.633
199.639
199.629
199.654
199.705
199.623
199.734
199.722
199.629
199.629
199.629
199.629
199.629
199.629
199.629
199.629
199.635
199.737
199.642
199.63
199.629
199.629
199.629
199.629
199.629
199.629
199.629
199.629
199.629
199.629
199.629
199.629
199.629
199.629
199.629
199.629
199.629
199.629
199.629
199.629
199.65
199.629
199.629
199.635
199.629
199.629
199.629
199.629
199.629
199.629
199.629
199.629
199.629
199.629
199.629
199.629
199.745
199.635
199.643
199.645
199.629
199.629
199.629
199.629
199.629
199.629
199.629
199.629
199.629
199.629
199.629
199.629
199.575
199.664
199.811
199.633
199.238
199.625
199.699
199.623
199.66
199.585
199.635
199.626
199.712
199.585
199.635
199.629
199.629
199.629
199.629
199.635
199.629
199.629
199.629
199.734
199.751
199.471
199.559
199.629
199.629
199.629
199.629
199.629
199.629
199.629
199.629
199.629
199.629
199.629
199.629
199.629
199.629
199.629
199.629
199.629
199.629
199.629
199.629
199.629
199.629
199.629
199.629
199.629
199.629
199.629
199.629
199.629
199.629
199.629
199.629
199.629
199.629
199.629
199.629
199.629
199.629
199.629
199.629
199.629
199.629
199.629
199.629
199.629
199.629
199.629
199.629
199.629
199.629
199.629
199.629
199.629
199.629
199.629
199.629
199.629
199.629
199.629
199.629
199.629
199.629
199.629
199.629
199.629
199.629
199.629
199.629
199.629
199.629
199.629
199.629
199.629
199.629
199.629
199.629
199.629
199.629
199.629
199.629
199.629
199.629
199.629
199.629
199.629
199.629
199.629
199.629
199.629
199.629
199.629
199.629
199.629
199.629
199.629
199.629
199.629
199.629
199.629
199.629
199.629
199.629
199.629
199.629
199.629
199.629
199.629
199.629
199.629
199.629
199.629
199.629
199.629
199.629
199.629
199.629
199.629
199.629
199.629
199.629
199.629
199.629
199.629
199.629
199.629
199.629
199.629
199.629
199.629
199.629
199.629
199.629
199.629
199.629
199.629
199.629
199.629
199.629
199.629
199.629
199.629
199.629
199.629
199.629
199.629
199.629
199.629
199.629
199.629
199.629
199.629
199.629
199.629
199.629
199.629
199.629
199.629
199.629
199.629
199.629
199.629
199.629
199.629
199.629
199.629
199.629
199.629
199.629
199.629
199.629
199.629
199.629
199.629
199.629
199.629
199.629
199.629
199.629
199.629
199.629
199.629
199.629
199.629
199.629
199.629
199.629
199.629
199.629
199.629
199.629
199.629
199.629
199.629
199.629
199.629
199.629
199.629
199.629
199.629
199.629
199.629
199.629
199.629
199.629
199.629
199.629
199.629
199.629
199.629
199.629
199.629
199.629
199.629
199.629
199.629
199.629
199.629
199.629
199.629
199.629
199.629
199.629
199.629
199.629
199.629
199.629
199.629
199.629
199.629
199.629
199.629
199.629
199.629
199.629
199.629
199.629
199.629
199.629
199.629
199.629
199.629
199.629
199.629
199.629
199.629
199.629
199.629
199.629
199.629
199.629
199.629
199.629
199.629
199.629
199.629
199.629
199.629
199.629
199.629
199.629
199.629
199.629
199.629
199.629
199.629
199.629
199.629
199.629
199.629
199.629
199.629
199.629
199.629
199.629
199.629
199.629
199.629
199.629
199.629
199.629
199.629
199.629
199.629
199.629
199.629
199.629
199.629
199.629
199.629
199.629
199.629
199.629
199.629
199.629
199.629
199.629
199.629
199.629
199.629
199.629
199.629
199.629
199.629
199.629
199.629
199.629
199.629
199.629
199.629
199.629
199.629
199.629
199.629
199.629
199.629
199.629
199.629
199.629
199.629
199.629
199.629
198.561
199.629
199.629
199.629
199.629
199.629
199.629
199.629
199.629
199.629
199.629
200.016
199.588
199.63
199.867
199.723
199.63
199.575
199.639
199.673
199.627
199.614
199.641
199.629
199.629
199.629
199.629
199.629
199.629
199.629
199.629
199.629
199.629
199.629
199.629
199.629
199.629
199.629
199.629
199.629
199.629
199.629
199.629
199.629
199.629
199.629
199.629
199.629
199.629
199.629
199.629
199.629
199.629
199.629
199.629
199.629
199.629
199.629
199.629
199.629
199.629
199.629
199.629
199.629
199.629
199.629
199.629
199.629
199.629
199.629
199.629
199.629
199.629
199.629
199.629
199.629
199.629
199.629
199.629
199.629
199.629
199.629
199.629
199.629
199.629
199.629
199.629
199.629
199.629
199.629
199.629
199.629
199.629
199.629
199.629
199.629
199.629
199.629
199.629
199.629
199.629
199.629
199.629
199.629
199.629
199.629
199.629
199.629
199.629
199.629
199.629
199.629
199.629
199.629
199.629
199.629
199.629
199.629
199.629
199.629
199.629
199.629
199.629
199.629
199.629
199.629
199.629
199.629
199.629
199.629
199.629
199.629
199.629
199.629
199.629
199.629
199.629
199.629
199.629
199.629
199.629
199.629
199.629
199.629
199.629
199.629
199.629
199.629
199.629
199.629
199.629
199.629
199.629
199.629
199.629
199.629
199.629
199.629
199.629
199.629
199.629
199.629
199.629
199.629
199.629
199.629
199.629
199.629
199.629
199.629
199.629
199.629
199.629
199.629
199.629
199.629
199.629
199.629
199.629
199.629
199.629
199.629
199.629
199.629
199.629
199.629
199.629
199.629
199.629
199.629
199.629
199.629
199.629
199.629
199.629
199.629
199.629
199.629
199.629
199.629
199.629
199.629
199.629
199.629
199.629
199.629
199.629
199.629
199.629
199.629
199.629
199.629
199.629
199.629
199.629
199.629
199.629
199.629
199.629
199.629
199.629
199.629
199.629
199.629
199.629
199.629
199.629
199.629
199.629
199.629
199.629
199.629
199.629
199.629
199.629
199.629
199.629
199.629
199.629
199.629
199.629
199.629
199.629
199.629
199.629
199.629
199.629
199.629
199.629
199.629
199.629
199.629
199.629
199.629
199.629
199.629
199.629
199.629
199.629
199.629
199.629
199.629
199.629
199.629
199.629
199.629
199.629
199.629
199.629
199.629
199.629
199.629
199.629
199.629
199.629
199.629
199.629
199.629
199.629
199.629
199.629
199.629
199.629
199.629
199.629
199.629
199.629
199.629
199.629
199.629
199.629
199.629
199.629
199.629
199.629
199.629
199.629
199.629
199.629
199.629
199.629
199.629
199.629
199.629
199.629
199.629
199.629
199.629
199.629
199.629
199.629
199.629
199.629
199.629
199.629
199.629
199.629
199.629
199.629
199.629
199.629
199.629
199.629
199.629
199.629
199.629
199.629
199.629
199.629
199.629
199.629
199.629
199.629
199.629
199.629
199.629
199.629
199.629
199.629
199.629
199.629
199.629
199.629
199.629
199.629
199.629
199.629
199.629
199.629
199.629
199.629
199.629
199.629
199.629
199.629
199.629
199.629
199.629
199.629
199.629
199.629
199.629
199.629
199.629
199.629
199.629
199.629
199.629
199.629
199.629
199.629
199.629
199.629
199.629
199.629
199.629
199.629
199.629
199.629
199.629
199.629
199.629
199.629
199.629
199.629
199.629
199.629
199.629
199.629
199.629
199.629
199.629
199.629
199.629
199.629
199.629
199.629
199.629
199.629
199.629
199.629
199.629
199.629
199.629
199.629
199.629
199.629
199.629
199.629
199.629
199.629
199.629
199.629
199.629
199.629
199.629
199.629
199.629
199.629
199.629
199.629
199.629
199.629
199.629
199.629
199.629
199.629
199.629
199.629
199.629
199.629
199.629
199.629
199.629
199.629
199.629
199.629
199.629
199.629
199.629
199.629
199.629
199.629
199.629
199.629
199.629
199.629
199.629
199.629
199.629
199.629
199.629
199.629
199.629
199.629
199.629
199.629
199.629
199.629
199.629
199.629
199.629
199.629
199.629
199.629
199.629
199.629
199.629
199.629
199.629
199.629
199.629
199.629
199.629
199.629
199.629
199.629
199.629
199.629
199.629
199.629
199.629
199.629
199.629
199.629
199.629
199.629
199.629
199.629
199.629
199.629
199.629
199.629
199.629
199.629
199.629
199.629
199.629
199.629
199.629
199.629
199.629
199.629
199.629
199.629
199.629
199.629
199.629
199.629
199.629
199.629
199.629
199.629
199.629
199.629
199.629
199.629
199.629
199.629
199.629
199.629
199.629
199.629
199.629
199.629
199.629
199.629
199.629
199.629
199.629
199.629
199.629
199.629
199.629
199.629
199.629
199.629
199.629
199.629
199.629
199.629
199.629
199.629
199.629
199.629
199.629
199.629
199.629
199.629
199.629
199.629
199.629
199.629
199.629
199.629
199.629
199.629
199.629
199.629
199.629
199.629
199.629
199.629
199.629
199.633
199.629
199.648
199.629
199.629
199.629
199.629
199.629
199.629
199.629
199.629
199.629
199.629
199.629
199.629
199.629
199.629
199.629
199.629
199.629
199.629
199.629
199.629
199.648
199.775
199.65
199.73
199.639
199.629
199.629
199.643
199.653
199.635
199.639
199.65
199.629
199.629
199.629
199.629
199.629
199.629
199.629
199.629
199.629
199.629
199.629
199.629
199.629
199.629
199.629
199.629
199.629
199.629
199.635
199.629
199.629
199.629
199.629
199.629
199.629
199.629
199.629
199.629
199.629
199.629
199.629
199.629
199.629
199.629
199.629
199.629
199.629
199.629
199.629
199.629
199.629
199.629
199.629
199.629
199.629
227.722
199.629
199.629
199.629
199.629
199.629
199.629
199.629
199.629
199.629
199.629
199.629
199.629
199.629
199.629
199.629
199.629
199.629
199.629
199.629
199.629
199.629
199.629
199.629
199.629
199.629
199.629
199.629
199.629
199.648
199.629
199.629
199.633
199.764
199.618
199.589
199.653
199.629
199.629
199.629
199.629
199.629
199.628
199.635
199.629
199.629
199.629
199.629
199.629
199.629
199.629
199.629
199.629
199.629
199.629
199.629
199.631
199.629
199.629
199.629
199.629
199.693
199.631
199.64
199.643
199.592
199.625
199.629
199.629
199.629
199.629
199.629
199.629
199.629
199.629
199.629
199.629
199.629
199.629
199.629
199.634
199.629
199.629
199.882
199.665
199.769
199.748
199.723
199.617
199.833
199.732
199.458
199.632
199.616
199.629
199.625
199.623
199.629
199.646
200.063
199.511
199.685
199.62
199.635
200.01
199.629
199.629
199.629
199.629
199.629
199.629
199.629
199.629
199.629
199.629
199.629
199.629
199.629
199.629
199.629
199.629
199.629
199.629
199.629
199.629
199.629
199.629
199.629
199.629
199.629
199.629
199.629
199.629
199.629
199.629
199.629
199.629
199.629
199.629
199.629
199.629
199.629
199.629
199.629
199.629
199.629
199.629
199.629
199.629
199.629
199.629
199.629
199.629
199.629
199.629
199.629
199.629
199.629
199.629
199.629
199.629
199.629
199.629
199.629
199.629
199.629
199.629
199.629
199.629
199.629
199.629
199.629
199.629
199.629
199.629
199.629
199.629
199.629
199.629
199.629
199.629
199.629
199.629
199.629
199.629
199.629
199.629
199.629
199.629
199.629
199.629
199.629
199.629
199.629
199.629
199.629
199.629
199.629
199.629
199.629
199.629
199.629
199.629
199.629
199.629
199.629
199.629
199.629
199.629
199.629
199.629
199.629
199.629
199.629
199.629
199.629
199.629
199.629
199.629
199.629
199.629
199.629
199.629
199.629
199.629
199.629
199.629
199.629
199.629
199.629
199.629
199.629
199.629
199.629
199.629
199.629
199.629
199.629
199.629
199.629
199.629
199.629
199.629
199.629
199.629
199.629
199.629
199.629
199.629
199.629
199.629
199.629
199.629
199.629
199.629
199.629
199.629
199.629
199.629
199.629
199.629
199.629
199.629
199.629
199.629
199.629
199.629
199.629
199.444
199.379
199.597
199.679
199.605
199.689
199.629
199.629
199.629
199.629
199.629
199.629
199.629
199.629
199.629
199.629
199.629
199.629
199.629
199.629
199.629
199.629
199.629
199.629
199.629
199.629
199.629
199.629
199.629
199.629
199.629
199.629
199.629
199.629
199.629
199.629
199.629
199.629
199.629
199.629
199.629
199.629
199.629
199.629
199.629
199.629
199.629
199.629
199.629
199.629
199.629
199.629
199.629
199.629
199.629
199.629
199.629
199.629
199.629
199.629
199.629
199.629
199.629
199.629
199.629
199.629
199.629
199.629
199.629
199.629
199.629
199.629
199.629
199.629
199.629
199.629
199.629
199.629
199.629
199.629
199.629
199.629
199.629
199.629
199.629
199.629
199.629
199.629
199.629
199.629
199.629
199.629
199.629
199.629
199.629
199.629
199.629
199.629
199.629
199.629
199.629
199.629
199.629
199.629
199.629
199.629
199.629
199.629
199.629
199.629
199.629
199.629
199.629
199.629
199.629
199.629
199.629
199.629
199.629
199.629
199.629
199.629
199.629
199.629
199.629
199.629
199.629
199.629
199.629
199.629
199.629
199.629
199.629
199.629
199.629
199.629
199.629
199.629
199.629
199.629
199.629
199.629
199.629
199.629
199.629
199.629
199.629
199.629
199.629
199.629
199.629
199.629
199.629
199.629
199.629
199.629
199.629
199.629
199.629
199.629
199.629
199.629
199.629
199.629
199.629
199.629
199.629
199.629
199.629
199.629
199.629
199.629
199.629
199.629
199.629
199.629
199.629
199.629
199.629
199.629
199.629
199.629
199.629
199.629
199.629
199.629
199.629
199.629
199.629
199.629
199.629
199.629
199.629
199.629
199.629
199.629
199.629
199.629
199.629
199.629
199.629
199.629
199.629
199.629
199.629
199.629
199.629
199.629
199.629
199.629
199.629
199.629
199.629
199.629
199.629
199.629
199.629
199.629
199.629
199.629
199.629
199.629
199.629
199.629
199.629
199.629
199.629
199.629
199.629
199.629
199.629
199.629
199.629
199.629
199.629
199.629
199.629
199.629
199.629
199.629
199.629
199.629
199.629
199.629
199.629
199.629
199.629
199.629
199.629
199.629
199.629
199.629
199.629
199.629
199.629
199.629
199.629
199.629
199.629
199.629
199.629
199.629
199.629
199.629
199.629
199.629
199.629
199.629
199.629
199.629
199.629
199.629
199.629
199.629
199.629
199.629
199.629
199.629
199.629
199.629
199.629
199.629
199.629
199.629
199.629
199.629
199.629
199.629
199.629
199.629
199.631
199.629
199.629
199.629
199.629
199.629
199.629
199.629
199.629
199.629
199.629
199.629
199.629
199.629
199.629
199.629
199.629
199.629
199.629
199.629
199.629
199.629
199.629
199.629
199.629
199.629
199.629
199.629
199.629
213.872
199.629
199.629
199.629
199.629
199.629
199.629
199.629
199.629
199.629
199.629
199.629
199.629
199.629
199.627
199.631
199.629
199.703
199.645
199.64
199.616
199.612
199.629
199.629
199.629
199.378
199.209
199.629
199.629
199.629
199.629
199.629
199.629
199.629
199.629
199.629
199.613
199.628
199.629
199.618
199.425
199.653
199.299
199.629
199.629
199.629
199.629
199.629
199.59
199.629
199.629
198.572
198.909
200.084
)
;
    }
    solarpanel_body_top
    {
        type            calculated;
        value           nonuniform List<scalar> 
2652
(
0
231.278
336.139
290.139
293.255
270.747
0
0
0
296.243
300.166
250.756
245.159
246.396
247.362
247.305
0
0
0
0
0
0
0
0
9.15934
6.47462
6.32424
8.60951
14.3835
12.4614
8.28635
7.43385
290.143
287.278
290.142
290.14
290.143
290.143
290.143
290.142
290.143
290.143
290.143
290.143
290.144
290.143
290.145
290.147
290.148
290.142
290.143
290.143
290.141
290.143
290.143
290.141
290.141
290.143
290.143
290.141
290.144
290.142
290.143
290.139
248.498
243.767
246.247
246.151
0
0
0
0
0
0
0
0
0
0
0
0
0
0
0
0
0
0
0
0
0
0
15.2859
15.4567
15.2601
12.9576
13.8356
225.391
233.274
226.404
228.284
222.014
218.916
218.51
219.724
230.091
225.566
228.121
221.91
216.618
225.983
216.904
220.598
231.802
226.531
224.799
225.498
223.022
219.573
221.732
218.264
223.699
225.801
230.1
221.313
219.019
215.044
286.479
290.148
290.143
290.144
290.144
290.144
290.144
290.144
290.143
290.143
290.147
290.143
290.143
290.142
290.144
290.141
290.141
290.146
290.143
290.142
290.148
290.143
290.143
290.143
290.143
290.142
290.148
290.142
290.142
290.142
290.143
290.142
290.143
290.143
290.142
290.148
290.142
290.143
290.142
290.149
290.142
290.143
290.142
290.145
290.144
290.142
290.148
290.142
290.144
290.143
290.142
290.143
290.145
290.14
290.144
290.139
290.142
290.148
290.141
290.143
290.143
290.141
290.143
290.143
290.143
290.148
290.141
290.143
290.143
290.141
290.143
290.143
290.143
290.148
290.146
290.145
290.143
290.146
290.142
0
0
0
0
0
0
0
247.075
244.097
243.727
245.936
240.866
241.031
245.025
241.723
241.763
246.207
239.144
238.328
35.0144
39.8458
35.1084
45.0751
38.2685
47.9362
38.2742
50.9369
35.7962
50.2385
36.036
52.903
35.6956
54.8277
42.8894
48.2212
42.3073
49.1216
44.9815
45.5521
41.7835
39.8666
37.6555
41.4547
33.1221
50.0018
35.2801
59.7542
0
0
0
194.39
197.41
197.921
191.621
190.785
193.209
195.591
200.193
195.051
200.348
190.059
190.199
197.024
199.286
290.324
290.164
290.144
290.144
290.144
290.144
290.144
290.144
290.144
290.144
290.144
290.144
290.144
290.144
255.451
252.932
254.57
255.338
254.418
255.378
254.574
0
0
0
0
0
0
0
0
0
0
0
9.05303
0
0
9.20348
0
0
0
6.42978
6.67494
0
0
0
13.9343
13.3367
0
0
10.6472
10.7192
0
99.4725
123.06
110.123
114.755
94.2955
131.817
94.4413
133.241
101.507
121.772
92.484
126.326
99.0628
126.441
92.5189
135.349
290.144
290.139
290.36
289.604
290.144
290.165
290.146
290.109
290.141
290.143
290.143
290.147
290.147
290.143
290.142
290.141
290.141
290.143
290.143
290.147
290.147
290.143
290.143
290.141
290.143
290.143
290.144
290.145
290.143
290.147
290.139
290.14
290.146
290.141
290.147
290.141
290.142
290.143
290.146
290.139
290.143
290.141
290.143
290.146
290.146
290.143
290.141
290.144
290.143
290.141
290.143
290.146
290.146
290.143
290.141
290.144
290.141
290.144
290.146
290.145
290.145
290.142
290.141
290.142
263.759
262.24
263.957
262.639
264.191
262.092
264.148
261.298
263.784
261.878
264.012
262.61
262.083
260.704
262.497
262.394
248.852
241.044
242.636
230.004
234.127
231.766
234.002
245.298
244.163
244.42
235.005
231.305
236.244
233.685
246.657
240.071
241.133
232.469
231.932
239.53
238.927
247.044
244.744
241.866
238.763
237.597
227.715
231.535
0
0
0
0
0
0
0
0
0
0
0
0
0
0
0
0
0
0
0
0
0
0
0
0
0
0
0
0
0
0
0
0
0
0
0
0
0
0
0
0
0
0
33.1793
34.8404
53.6124
34.3078
48.1579
14.7892
24.5653
25.2631
33.6736
57.5453
33.3283
53.507
29.4781
25.5687
14.6734
36.1929
50.3424
34.6947
52.7313
13.9638
25.7364
16.9822
14.7059
34.922
47.4289
35.7858
43.6791
30.4265
13.5061
43.3699
43.507
43.8277
45.0146
15.7715
24.8806
42.4083
42.9489
42.8946
42.6197
19.2852
28.1075
12.7541
33.7459
49.7814
35.4942
57.2414
30.3592
36.9243
43.8595
35.4238
39.8347
12.9077
30.8044
0
0
0
0
229.476
230.471
225.546
227.497
208.316
219.115
188.746
195.072
214.1
183.079
210.371
222.463
199.814
201.867
207.065
223.181
231.161
227.621
226.325
226.68
210.378
216.537
189.912
186.028
210.855
223.491
210.935
217.57
194.12
189.231
220.119
226.02
229.2
225.714
224.502
200.541
221.131
201.879
193.538
188.525
186.402
221.9
181.024
207
220.056
206.342
191.406
189.148
209.865
217.463
227.568
228.01
231.04
188.054
208.774
225.094
186.997
192.364
224.032
205.714
197.063
221.256
95.2312
127.314
97.0106
130.396
92.374
103.826
124.53
109.79
117.003
99.8079
102.53
122.558
100.959
126.56
87.8682
103.791
127.017
110.658
121.085
290.169
290.148
290.146
290.141
290.144
290.142
290.144
290.144
290.141
290.141
290.144
290.144
290.144
290.144
290.141
290.144
290.144
290.144
290.144
290.142
290.146
290.142
290.14
290.143
290.144
290.146
290.147
290.144
290.145
290.141
290.141
290.145
290.145
290.147
290.138
290.146
290.143
290.142
290.143
290.143
290.144
290.141
290.141
290.144
290.144
290.141
290.141
290.144
290.143
290.142
290.143
290.143
290.143
290.143
290.143
290.143
290.144
290.141
290.141
290.144
290.145
290.141
290.141
290.145
290.143
290.143
290.143
290.143
290.143
290.143
290.143
290.143
290.141
290.147
290.141
290.147
290.145
290.141
290.148
290.14
290.14
290.147
290.145
290.142
290.143
290.144
290.147
290.143
290.141
290.143
290.144
290.14
290.147
290.293
290.399
290.188
290.164
290.174
290.144
290.141
290.147
290.143
290.147
290.14
290.143
290.144
290.14
290.145
290.143
290.15
290.139
290.146
290.143
290.146
290.143
290.144
290.146
290.143
290.144
290.146
290.143
290.14
290.149
290.148
290.14
290.14
290.143
290.148
290.14
290.146
290.143
290.144
290.146
290.143
290.144
290.146
290.143
290.146
290.146
290.142
290.142
290.14
290.142
290.146
290.141
290.144
290.144
290.144
290.145
290.143
290.144
290.139
290.139
290.151
290.142
290.143
290.142
290.147
290.147
290.143
290.142
290.141
290.143
290.147
290.141
290.143
290.149
290.141
290.146
290.141
290.148
290.14
290.142
290.142
290.148
290.144
290.143
290.142
290.141
290.143
290.147
290.147
290.143
290.143
290.141
290.148
290.144
290.148
290.142
290.148
290.144
290.147
290.142
290.148
290.138
290.147
290.142
290.148
290.144
290.147
290.142
290.141
290.142
290.146
290.147
290.142
290.143
290.141
290.142
290.139
290.147
290.142
290.143
290.144
290.147
290.142
290.143
290.144
290.143
290.142
290.148
290.144
290.147
290.142
290.148
290.144
290.145
290.14
290.143
290.147
290.146
290.146
290.144
290.142
290.142
290.145
290.144
290.143
290.142
290.14
290.145
290.143
290.145
290.143
290.143
290.145
290.143
290.14
290.143
287.508
290.148
290.133
285.758
266.556
290.141
290.145
285.687
290.147
290.147
285.728
266.638
290.143
290.141
290.143
290.146
290.146
290.143
290.141
290.144
290.143
290.147
285.691
290.143
290.147
285.751
290.142
290.147
266.448
285.677
290.147
290.147
285.751
290.144
290.141
290.143
290.146
290.146
290.143
290.141
290.144
290.143
290.147
285.714
290.143
290.146
285.738
266.754
290.143
290.147
285.732
290.143
290.144
285.738
266.805
290.146
290.143
290.142
290.145
290.142
290.149
266.721
285.732
290.146
290.143
285.746
266.414
290.134
290.149
285.939
266.875
263.476
263.224
263.981
263.713
255.937
252.961
257.578
258.086
252.709
258.459
262.192
262.898
262.943
261.746
256.995
254.737
256.333
255.29
255.07
255.215
264.338
261.234
264.05
260.774
255.923
254.327
257.231
256.647
253.251
255.78
263.804
261.713
263.397
263.041
256.928
255.885
256.176
256.165
256.959
0
0
0
0
243.645
248.459
252.343
251.554
244.184
253.597
250.214
247.441
249.757
249.478
0
0
0
290.14
289.522
290.143
290.145
290.145
290.142
290.142
290.145
290.145
290.142
290.142
290.145
290.144
290.14
290.144
290.144
290.144
290.139
290.143
290.141
290.147
290.142
290.142
290.146
290.147
290.142
290.142
290.147
290.145
290.142
290.143
290.145
0
0
0
0
0
0
0
0
0
0
0
0
0
0
0
0
0
0
0
0
0
0
10.6117
14.0537
6.5506
8.83333
14.8074
14.0792
10.5448
8.54148
14.2447
13.1544
7.51745
14.1484
8.8387
14.0473
12.688
13.9846
7.01542
0
247.439
179.457
182.536
178.198
184.437
185.054
187.147
184.424
190.134
186.583
245.79
180.84
174.362
72.5429
62.595
59.3142
82.7526
157.616
166.502
160.758
149.074
176.144
58.7999
86.7179
58.0566
55.5627
79.4481
64.3608
162.664
168.482
157.073
152.833
165.474
87.8762
62.1945
63.6242
78.4916
62.4984
148.209
169.019
157.47
141.715
167.448
62.1923
83.3062
64.2864
72.6741
70.0408
156.76
179.341
169.941
285.396
290.146
290.141
290.141
290.141
290.141
290.144
290.138
289.24
290.139
290.139
290.143
290.149
290.147
290.142
290.141
290.143
290.138
290.142
290.146
290.147
290.144
290.144
290.142
290.149
290.149
290.142
290.142
290.149
290.149
290.142
290.144
290.148
290.144
290.147
290.144
290.147
290.144
290.147
290.142
290.149
290.149
290.142
290.142
290.146
290.149
290.142
290.144
290.147
290.144
290.148
290.144
290.147
290.144
290.142
290.142
290.146
290.146
290.142
290.143
290.143
290.142
290.147
290.144
290.142
290.143
290.144
290.14
290.144
290.144
290.143
290.147
290.144
290.14
290.148
290.144
290.142
290.143
290.145
290.143
290.144
290.143
290.149
290.144
290.142
290.143
290.139
290.144
290.142
290.144
290.144
290.144
290.144
290.142
290.138
290.144
290.142
290.148
290.144
290.144
290.142
290.139
290.144
290.145
290.143
290.143
290.14
290.141
290.149
290.143
290.14
290.144
290.146
290.146
290.141
290.146
290.145
290.142
290.142
290.144
290.142
290.138
290.14
290.141
290.14
290.142
290.144
290.144
290.145
290.142
290.142
290.145
290.145
290.142
290.144
290.143
290.145
290.143
290.145
290.143
290.145
290.141
290.142
290.145
290.145
290.143
290.145
290.143
290.145
290.143
290.145
290.143
290.144
290.143
290.143
290.142
290.144
290.142
290.144
290.144
290.146
290.142
290.145
290.147
290.143
290.095
290.145
290.148
290.145
290.147
290.141
290.149
290.144
290.147
290.142
290.142
290.147
290.14
290.145
290.141
290.144
290.14
290.144
290.143
290.14
290.144
290.143
290.147
290.143
290.142
290.146
290.14
290.144
290.14
290.144
290.14
290.146
290.143
290.14
290.144
290.143
290.139
290.147
290.142
290.143
290.139
290.146
290.144
290.145
248.816
258.878
247.407
253.898
260.597
259.495
243.858
254.79
261.927
254.024
259.786
243.869
251.519
260.561
259.559
251.644
250.403
259.952
0
0
0
0
1.08822
1.08019
0
0
0
0
0
0
264.855
266.287
264.279
266.51
264.759
266.453
266.367
264.269
263.642
266.487
266.584
263.722
265.522
266.884
266.605
265.099
0
0
0
0
0
0
0
0
0
0
0
0
0
0
0
0
0
0
0
0
0
0
0
0
0
0
0.463927
0
0
0
0
0
243.549
238.725
240.867
237.415
238.815
238.457
237.676
265.196
266.605
266.568
266.529
266.418
266.596
266.64
266.806
264.247
266.613
264.41
266.655
255.498
250.354
252.679
252.581
264.677
266.359
264.188
266.35
253.797
251.147
254.086
254.74
242.11
264.461
266.674
264.598
266.391
254.268
250.055
254.716
249.896
246.322
254.643
249.368
0
0
0
0
0
0
0
0
0
0
0
0
0
0
0
0
0
0
0
0
0
0
0
0
0.610522
0.218179
0
0
0
0
0
103.864
128.451
105.295
73.5929
155.015
83.7411
140.565
147.684
121.652
93.1743
135.111
94.179
87.1614
146.072
87.2614
140.382
135.442
135.369
100.79
119.308
100.291
85.0077
141.787
78.6362
150.996
149.311
123.759
102.2
121.9
100.683
83.0783
141.496
77.8608
147.243
141.683
128.302
290.139
290.145
290.146
290.18
290.102
290.143
290.144
290.153
290.143
290.143
290.143
290.141
290.145
290.145
290.145
290.142
290.142
290.142
290.142
290.142
290.142
290.145
290.145
290.145
290.145
290.145
290.145
290.142
290.142
290.142
290.143
290.142
290.142
290.145
290.145
290.145
290.141
290.143
290.147
290.142
290.147
290.14
290.14
290.147
290.144
290.142
290.145
290.142
290.141
290.143
290.143
290.147
290.139
290.145
290.145
290.143
290.146
290.145
290.139
290.14
290.144
290.147
290.144
290.142
290.144
290.144
290.144
290.142
290.144
290.146
290.144
290.144
290.144
290.147
290.144
290.142
290.144
290.144
290.144
290.142
290.144
290.147
290.144
290.144
290.142
290.146
290.146
290.14
290.143
290.141
290.144
290.147
290.143
290.142
290.143
290.146
290.144
290.176
290.149
290.147
290.141
290.147
290.147
290.141
290.141
290.147
290.147
290.141
290.144
290.144
290.143
290.143
290.142
290.146
290.143
290.143
290.143
290.146
290.146
290.143
290.143
290.146
290.146
290.143
290.145
290.148
290.144
290.145
264.678
266.501
266.5
264.482
263.079
262.177
257.04
262.249
262.35
264.739
266.27
266.135
264.273
263.441
262.982
259.249
262.889
262.559
260.238
264.289
266.354
266.57
264.216
262.743
262.538
258.869
262.848
262.382
259.937
264.705
266.087
266.22
265.08
263.375
262.592
263.704
263.43
259.737
260.424
0
0
0
0
0
0
0
0
0
0
0
0
0
0
0
0
0
0
0
0
0
0
0
0
0
0
0
0
0
0
0
0
0
0
0
0
0
0
0
0
0
0
0
0
0
0
0
0
0
0
0
0
0
0
0
0
0
0
0
0
0
0
0
0
0
0
0
0
0
0
0
0
0
0
0
0
0
0
0
0
0
0
0
0
0
0
0
0
0
0
0
0
0
0
0
0
0
0
0
12.5905
13.7983
6.52533
0
13.8521
8.43032
28.1512
73.4367
69.0436
24.9019
25.4422
27.4612
58.711
56.3567
12.9514
0
0
11.8342
9.15559
0
25.6464
25.9817
25.5786
31.8522
68.6534
13.6225
13.3034
0
15.3648
8.06682
0
15.6265
6.90882
13.2667
51.5969
55.8312
13.7024
25.4637
22.904
12.3148
0
11.25
0.0294523
29.1575
29.5683
58.8554
32.1722
68.852
0
0
0.00445812
0
0
0
0.380879
0.126962
0
0
242.114
242.865
237.492
240.663
231.817
237.614
210.941
183.021
202.353
186.914
209.792
183.949
205.886
178.018
205.96
242.641
242.468
236.384
239.033
237.811
242.469
188.155
211.426
189.826
208.101
210.475
181.946
207.694
180.707
206.903
238.49
237.664
238.013
237.86
239.009
237.97
207.4
187.098
187.524
212.72
186.978
189.267
213.652
245.674
245.658
231.356
231.168
201.34
209.916
192.744
209.395
185.829
205.774
209.106
177.857
87.4659
93.6238
127.82
87.548
147.291
143.771
127.285
79.1816
63.9158
61.66
91.0044
149.86
157.411
161.946
165.696
146.3
169.162
88.1105
105.289
134.163
74.3444
148.347
153.517
122.138
57.1649
89.452
55.1509
65.1461
78.436
137.839
171.555
176.861
160.206
152.954
162.52
83.2761
93.5583
137.709
83.0934
149.681
148.744
135.035
82.399
61.7161
67.9876
88.6376
63.1075
146.81
156.476
164.938
161.54
147.543
166.681
146.897
155.224
61.8508
78.9016
70.039
140.915
159.019
169.563
168.05
290.471
290.18
290.144
290.14
290.141
290.141
290.141
290.141
290.141
290.141
290.14
290.141
290.143
290.147
290.14
290.146
290.145
290.185
290.092
290.145
290.154
290.143
290.136
290.145
290.142
290.149
290.141
290.144
290.14
290.142
290.144
290.149
290.141
290.149
290.145
290.141
290.149
290.141
290.148
290.144
290.144
290.142
290.147
290.144
290.143
290.144
290.148
290.144
290.142
290.149
290.141
290.141
290.149
290.142
290.144
290.144
290.142
290.149
290.141
290.141
290.149
290.142
290.144
290.144
290.143
290.142
290.142
290.144
290.143
290.143
290.142
290.144
290.143
290.143
290.147
290.144
290.143
290.143
290.147
290.144
290.142
290.149
290.141
290.141
290.149
290.142
290.144
290.144
290.142
290.145
290.141
290.141
290.149
290.142
290.145
290.144
290.143
290.143
290.147
290.144
290.143
290.143
290.147
290.144
290.143
290.143
290.147
290.145
290.143
290.143
290.142
290.143
290.144
290.144
290.14
290.146
290.141
290.144
290.144
290.145
290.145
290.146
290.144
290.148
290.143
290.142
290.14
290.142
290.143
290.142
290.147
290.145
290.144
290.143
290.14
290.143
290.143
290.147
290.144
290.144
290.146
290.146
290.145
290.145
290.144
290.144
290.143
290.143
290.14
290.144
290.142
290.14
290.146
290.149
290.081
290.143
290.132
290.146
290.147
290.143
290.14
290.14
290.147
290.141
290.144
290.144
290.14
290.143
290.148
290.143
290.144
290.143
290.142
290.14
290.14
290.142
290.139
290.148
290.144
290.144
290.142
290.14
290.144
290.146
290.144
290.144
290.146
290.143
290.144
290.146
290.143
290.144
290.146
290.143
290.143
290.14
290.143
290.144
290.143
290.148
290.139
290.143
290.14
290.14
290.143
290.138
290.144
290.148
290.138
290.142
290.145
290.144
290.146
290.143
290.144
290.146
290.142
290.144
290.146
290.144
290.144
290.146
290.142
290.142
290.143
290.145
290.141
290.143
290.143
290.148
290.147
290.143
290.143
290.141
290.142
290.141
290.146
290.144
290.143
290.141
290.144
290.147
290.143
290.143
290.153
290.146
290.145
290.145
290.142
290.142
290.143
290.144
290.144
290.143
290.144
290.145
290.145
290.149
290.146
290.144
290.139
290.144
290.146
290.145
290.139
290.143
290.141
290.141
290.145
290.145
290.144
290.143
290.142
290.142
290.142
290.145
290.143
290.143
290.144
290.142
290.143
290.145
290.145
290.145
290.142
290.142
290.142
290.142
290.142
290.142
290.145
290.145
290.145
290.145
290.143
290.143
290.143
290.143
290.142
290.144
290.143
290.143
290.142
290.143
290.142
290.145
290.143
290.143
290.142
290.143
290.142
290.145
290.143
290.143
290.142
290.143
290.142
290.145
290.145
290.145
290.141
290.147
290.142
290.143
290.142
290.143
290.145
290.141
290.14
290.145
290.143
290.143
290.142
290.143
290.142
290.145
290.143
290.143
290.142
290.143
290.142
290.144
290.143
290.143
290.143
290.143
290.143
290.145
290.143
290.143
290.142
290.143
290.143
290.14
290.144
290.144
290.144
290.146
290.147
290.143
290.143
290.143
290.142
290.145
290.146
290.148
290.143
290.147
290.143
290.147
290.142
290.145
290.144
290.145
290.143
290.147
290.146
290.147
290.142
290.145
290.147
290.144
290.144
290.146
290.142
290.139
290.146
290.144
290.144
290.142
290.145
290.146
290.137
290.26
290.174
290.146
290.146
290.144
290.144
290.16
290.148
290.141
290.145
290.143
290.142
290.143
290.143
290.141
290.146
290.147
290.144
290.143
290.138
290.144
290.147
290.144
290.142
290.144
290.144
290.144
290.142
290.144
290.147
290.144
290.144
290.14
290.146
290.146
290.142
290.144
290.141
290.14
290.146
290.146
290.141
290.144
290.141
290.14
290.146
290.146
290.141
290.144
290.143
290.141
290.14
290.146
290.146
290.141
290.144
290.141
290.144
290.147
290.144
290.143
290.144
290.144
290.144
290.143
290.144
290.147
290.144
290.144
290.14
290.146
290.146
290.141
290.144
290.141
290.14
290.146
290.146
290.141
290.144
290.141
290.141
290.146
290.146
290.141
290.144
290.14
290.141
290.141
290.145
290.146
290.141
290.144
290.141
290.145
290.142
290.145
290.143
290.146
290.145
290.141
290.143
290.142
290.146
290.147
290.145
290.144
290.144
290.143
290.142
290.142
290.14
290.142
290.147
290.139
290.149
290.14
290.144
290.143
290.147
290.142
290.143
290.14
290.143
290.145
290.147
290.144
290.138
290.142
290.144
290.142
290.141
290.147
290.147
290.141
290.144
290.147
290.139
290.147
290.139
290.147
290.144
290.147
290.141
290.147
290.147
290.141
290.138
290.147
290.144
290.147
290.138
290.142
290.138
290.147
290.144
290.141
290.143
290.145
290.142
290.142
290.145
290.146
290.144
290.145
290.146
290.143
290.147
286.502
290.166
266.515
285.893
290.141
285.703
266.626
290.141
285.707
266.645
290.144
290.146
290.146
290.144
290.147
266.927
266.762
266.525
285.696
290.147
285.751
290.142
266.783
266.434
285.677
290.142
285.678
290.144
290.146
290.146
290.144
290.147
285.714
290.147
266.647
285.708
290.147
285.729
266.78
290.143
285.739
266.8
290.142
290.143
290.143
266.371
266.445
285.668
290.142
285.683
290.127
266.924
286.293
264.071
266.596
264.343
266.66
263.275
263.286
259.486
263.293
263.279
259.268
258.632
255.207
258.998
250.356
250.852
260.002
258.477
257.656
249.883
245.393
250.834
259.258
258.491
265.193
266.989
265.016
266.577
262.657
262.911
263.182
262.056
260.077
257.345
260.164
252.492
254.907
255.118
254.434
254.928
244.91
254.816
261.007
254.924
264.484
266.262
264.254
266.346
264.358
261.49
264.158
261.207
260.508
254.383
259.554
253.201
253.723
259.913
255.59
257.012
260.283
250.395
245.106
252.022
254.428
264.938
266.188
264.634
266.772
259.037
257.892
251.542
254.936
260.675
255.509
249.069
246.002
255.172
256.305
)
;
    }
    solarpanel_body_back
    {
        type            calculated;
        value           nonuniform List<scalar> 
907
(
187.236
241.94
198.689
213.438
224.448
268.225
285.345
279.765
278.561
283.519
284.353
280.011
277.339
203.539
192.63
195.346
202.347
202.85
196.062
194.085
204.662
204.022
194.828
195.369
202.011
203.434
196.952
195.199
200.041
302.782
300.976
300.704
301.623
301.694
302.082
301.769
303.179
201.649
202.705
220.132
214.81
217.69
215.938
203.63
193.715
202.366
220.748
218.598
219.902
210.194
219.821
203.872
201.97
219.712
219.058
220.671
219.969
202.511
195.182
206.879
219.425
208.038
217.737
219.612
276.04
272.694
283.18
282.668
281.046
281.714
279.261
280.338
302.856
301.985
300.776
302.719
305.315
302.352
302.755
302.017
305.343
185.134
185.03
184.887
184.95
185.344
185.359
185.65
185.251
185.127
184.965
185.005
185.026
185.087
185.114
185.117
185.107
284.922
288.121
290.42
289.495
287.866
288.789
288.832
289.867
185.165
185.135
185.405
185.133
185.085
185.053
185.005
185.128
185.06
185.03
185.116
184.955
267.357
273.458
276.872
274.777
276.35
271.52
268.518
268.896
266.356
269.433
278.767
276.932
277.963
277.208
282.163
280.244
280.919
282.82
284.095
280.384
276.482
291.245
291.667
293.05
290.95
186.176
186.168
185.076
184.929
185.115
184.915
185.924
185.39
185.303
185.221
185.265
185.223
185.268
185.985
185.208
185.129
185.165
185.115
185.986
185.841
185.776
185.246
185.211
185.248
185.118
203.705
205.624
203.545
194.733
197.087
200.033
198.265
195.378
199.326
204.887
199.564
201.221
200.899
204.256
200.619
195.64
199.3
198.199
200.08
194.84
198.965
205.652
200.124
199.367
201.332
205.288
201.976
195.938
199.531
197.969
196.936
196.122
197.283
204.592
200.744
201.394
199.8
203.055
199.268
195.558
201.188
199.122
199.535
195.541
199.35
201.244
200.515
199.167
299.291
302.693
292.331
290.517
296.521
297.24
297.858
301.66
302.121
302.196
287.273
288.554
295.887
298.018
301.671
301.38
298.057
303.198
287.756
287.653
298.301
297.506
299.735
303.167
301.178
302.35
291.445
292.476
294.278
295.266
298.691
302.544
186.101
185.965
185.229
185.019
185.228
185.115
185.802
190.178
191.27
189.393
190.174
188.562
191.824
187.924
192.409
186.103
185.808
185.181
185.145
185.201
185.13
185.862
188.506
192.644
188.383
193.122
188.842
192.668
188.508
193.193
185.93
185.745
184.943
185.128
185.084
184.98
186.047
188.981
191.123
188.955
191.974
189.783
190.356
189.185
190.491
185.494
185.71
185.435
185.242
185.173
185.231
189.92
191.435
190.729
191.769
188.893
192.709
201.658
203.161
201.358
193.998
198.123
197.551
197.662
197.505
202.484
201.182
201.796
214.141
215.217
218.724
208.578
215.237
217.571
208.377
212.834
216.676
220.015
211.601
214.978
218.769
199.701
204.76
200.146
200.88
200.358
199.815
193.685
199.699
203.494
201.949
201.549
212.413
214.132
222.211
213.356
215.142
220.718
211.966
213.624
216.875
213.417
217.755
217.352
202.133
202.63
202.164
194.714
201.536
199.889
197.927
199.003
202.104
202.179
201.958
212.238
211.902
219.783
210.89
214.831
219.139
208.394
210.191
212.66
218.599
212.752
217.536
217.352
200.26
201.585
200.074
200.245
200.044
207.798
212.968
212.02
218.914
210.132
215.586
218.041
212.503
213.888
223.204
235.14
237.907
249.557
239.903
240.359
275.969
277.756
270.858
268.085
257.405
260.765
268.256
270.396
262.436
241.17
237.744
232.282
235.818
246.751
260.851
265.604
268.509
267.36
262.175
271.271
270.519
263.666
262.986
236.028
235.449
246.409
236.465
234.072
272.183
271.143
265.52
260.796
260.058
261.964
270.367
270.792
263.651
238.569
238.447
241.037
239.436
261.261
261.034
276.679
276.757
272.662
270.9
260.304
266.772
278.386
277
284.29
281.569
281.447
280.351
278.142
283.17
300.391
302.319
293.453
293.476
301.353
301.965
305.721
304.677
305.743
305.395
305.054
305.59
305.565
297.617
301.914
296.859
297.987
298.018
303.131
305.38
305.301
305.498
305.585
305.807
304.447
301.256
301.54
296.838
295.459
300.806
301.936
305.116
304.992
304.855
305.718
305.478
305.532
304.871
300.892
301.266
290.586
288.851
296.732
305.688
305.809
304.7
305.233
186.266
185.782
187.839
187.239
187.64
186.361
187.624
187.203
187.131
187.447
188.271
192.005
187.424
195.379
188.539
194.208
193.168
187.727
194.884
195.419
187.769
186.794
187.717
192.694
188.072
193.124
187.752
192.903
187.575
193.859
193.139
187.012
186.891
187.518
192.861
188.348
192.631
187.312
195.407
192.801
187.875
194.832
192.124
187.502
187.695
192.447
187.318
192.584
187.694
192.473
204.763
208.838
205.769
207.671
207.693
207.281
208.312
206.628
208.263
208.398
210.292
208.115
240.07
239.68
245.168
261.279
260.079
248.24
258.206
247.263
264.966
241.799
242.551
242.84
256.814
253.469
264.78
266.806
255.743
254.739
240.877
243.193
247.443
264.269
260.242
250.674
253.99
249.267
265.721
242.682
244.729
242.95
256.092
255.781
260.1
254.389
304.507
304.493
304.795
304.899
304.984
305.019
304.835
303.886
304.978
304.693
304.53
304.044
305.333
232.831
232.066
236.985
225.418
235.042
231.429
224.212
224.663
234.091
230.733
224.091
231.372
233.999
232.392
232.235
224.981
230.895
230.466
224.531
224.701
230.613
287.91
288.866
186.569
187.258
184.034
187.942
185.631
185.579
187.357
187.613
185.924
186.048
186.777
187.317
185.981
186.166
186.89
297.949
297.187
294.733
297.812
299.822
293.816
298.664
301.93
296.943
296.607
295.733
300.232
300.923
294.032
294.552
296.594
188.103
187.688
185.633
188.276
189.514
192.058
192.698
187.479
188.622
190.27
194.136
188.478
189.23
191.775
193.821
187.758
188.045
191.417
194.81
194.372
187.739
187.106
185.927
188.098
188.538
192.104
192.991
188.293
188.258
193.173
193.254
187.707
188.713
191.995
193.064
193.56
187.008
189.36
193.183
193.084
186.568
186.542
186.048
188.081
188.467
190.816
192.885
188.222
189.318
192.415
192.708
188.411
189.077
191.581
194.083
188.671
189.512
191.763
193.486
195.459
187.696
187.778
189.314
192.513
191.623
187.29
190.938
192.369
192.259
187.909
189.005
192.475
193.545
194.632
205.809
207.878
208.145
213.719
217.321
221.231
224.314
210.661
218.122
224.794
211.114
218.313
222.405
210.091
216.413
206.633
206.627
207.145
208.096
213.088
213.935
213.051
214.874
223.949
223.543
211.183
215.757
225.771
213.037
217.238
226.925
223.498
205.919
207.108
209.779
212.925
213.539
223.726
223.612
211.634
214.359
225.141
210.566
214.081
225.121
212.944
217.143
208.578
209.747
211.547
214.671
210.876
215.924
225.045
225.011
211.62
216.664
224.812
223.654
231.15
226.189
229.024
243.609
236.349
236.763
247.672
230.784
226.797
225.552
228.157
243.714
239.65
235.374
242.754
254.655
263.018
249.82
259.147
253.422
229.395
232.971
240.513
244.814
235.543
241.514
232.079
235.599
245.104
236.123
240.893
244.756
252.506
249.542
265.99
251.722
252.196
232.026
223.573
233.204
241.3
239.089
241.264
243.124
230.045
225.331
222.877
231.387
246.179
238.91
238.23
245.742
258.758
260.115
253.552
257.713
253.315
231.105
231.709
240.043
241.699
240.662
244.347
235.421
232.749
241.712
258.868
259.513
260.663
257.671
291.197
291.817
286.37
287.462
289.303
289.817
299.1
293.624
293.3
301.979
304.673
304.817
304.223
305.595
305.496
297.5
295.582
296.229
299.252
305.491
305.211
304.691
305.514
305.271
305.694
300.104
297.549
295.405
298.027
305.901
304.908
305.507
305.522
305.689
300.839
295.62
305.443
304.57
305.294
305.933
305.859
305.259
)
;
    }
    ref_wall
    {
        type            calculated;
        value           nonuniform List<scalar> 
1377
(
13.974
13.974
0
0
0
0
13.974
13.974
0
0
0
0
13.974
13.974
0
0
0
0
13.974
13.974
0
0
0
0
13.974
13.974
0
0
0
0
13.974
13.974
0
0
0
0
13.974
13.974
0
0
0
0
13.974
13.974
0
0
0
0
13.974
13.974
0
0
0
0
0
0
0
0
0
19.9629
0
0
0
0
19.9629
0
0
0
0
19.9629
0
0
0
0
19.9629
0
0
0
0
19.9629
0
0
0
0
19.9629
0
0
0
0
19.9629
0
0
0
0
19.9629
0
0
0
0
19.9629
0
0
0
0
19.9629
0
0
0
0
19.9629
0
0
0
0
19.9629
0
0
0
0
19.9629
0
0
0
0
19.9629
0
0
0
0
19.9629
0
0
0
0
19.9629
0
0
0
0
19.9629
0
0
0
0
19.9629
0
0
0
0
19.9629
0
0
0
0
19.9629
0
0
0
0
19.9629
0
0
0
0
19.9629
0
0
0
0
19.9629
0
0
0
0
19.9629
0
0
0
0
19.9629
0
0
0
0
19.9629
0
0
0
0
19.9629
0
0
0
0
19.9629
0
0
0
0
19.9629
0
0
0
0
19.9629
0
0
0
0
19.9629
0
0
0
0
19.9629
0
0
0
0
19.9629
0
0
0
0
19.9629
0
0
0
0
19.9629
0
0
0
0
19.9629
0
13.974
13.974
13.974
13.974
13.974
13.974
0
0
0
0
0
0
0
0
0
0
0
0
19.9629
19.9629
19.9629
0
0
0
0
0
0
0
0
0
0
0
0
19.9629
19.9629
19.9629
0
0
0
0
0
0
0
0
0
0
0
0
19.9629
19.9629
19.9629
0
0
0
0
0
0
0
0
0
0
0
0
19.9629
0
19.9629
19.9629
0
13.974
13.974
13.974
13.974
13.974
13.974
0
0
0
0
0
0
0
0
0
0
0
0
19.9629
19.9629
19.9629
0
0
0
0
0
0
0
0
0
0
0
0
19.9629
19.9629
19.9629
0
0
0
0
0
0
0
0
0
0
0
0
19.9629
19.9629
19.9629
0
0
0
0
0
0
0
0
0
0
0
0
19.9629
0
19.9629
19.9629
0
13.974
13.974
13.974
13.974
13.974
13.974
0
0
0
0
0
0
0
0
0
0
0
0
19.9629
19.9629
19.9629
0
0
0
0
0
0
0
0
0
0
0
0
19.9629
19.9629
19.9629
0
0
0
0
0
0
0
0
0
0
0
0
19.9629
19.9629
19.9629
0
0
0
0
0
0
0
0
0
0
0
0
19.9629
0
19.9629
19.9629
0
13.974
13.974
13.974
13.974
13.974
13.974
0
0
0
0
0
0
0
0
0
0
0
0
19.9629
19.9629
19.9629
0
0
0
0
0
0
0
0
0
0
0
0
19.9629
19.9629
19.9629
0
0
0
0
0
0
0
0
0
0
0
0
19.9629
19.9629
19.9629
0
0
0
0
0
0
0
0
0
0
0
0
19.9629
0
19.9629
19.9629
0
13.974
13.974
13.974
13.974
13.974
13.974
0
0
0
0
0
0
0
0
0
0
0
0
19.9629
19.9629
19.9629
0
0
0
0
0
0
0
0
0
0
0
0
19.9629
19.9629
19.9629
0
0
0
0
0
0
0
0
0
0
0
0
19.9629
19.9629
19.9629
0
0
0
0
0
0
0
0
0
0
0
0
19.9629
0
19.9629
19.9629
0
13.974
13.974
13.974
13.974
13.974
13.974
0
0
0
0
0
0
0
0
0
0
0
0
19.9629
19.9629
19.9629
0
0
0
0
0
0
0
0
0
0
0
0
19.9629
19.9629
19.9629
0
0
0
0
0
0
0
0
0
0
0
0
19.9629
19.9629
19.9629
0
0
0
0
0
0
0
0
0
0
0
0
19.9629
0
19.9629
19.9629
0
13.974
13.974
13.974
13.974
13.974
13.974
0
0
0
0
0
0
0
0
0
0
0
0
19.9629
19.9629
19.9629
0
0
0
0
0
0
0
0
0
0
0
0
19.9629
19.9629
19.9629
0
0
0
0
0
0
0
0
0
0
0
0
19.9629
19.9629
19.9629
0
0
0
0
0
0
0
0
0
0
0
0
19.9629
0
19.9629
19.9629
0
13.974
13.974
13.974
13.974
13.974
13.974
0
0
0
0
0
0
0
0
0
0
0
0
19.9629
19.9629
19.9629
0
0
0
0
0
0
0
0
0
0
0
0
19.9629
19.9629
19.9629
0
0
0
0
0
0
0
0
0
0
0
0
19.9629
19.9629
19.9629
0
0
0
0
0
0
0
0
0
0
0
0
19.9629
0
19.9629
19.9629
0
13.974
13.974
13.974
13.974
13.974
13.974
0
0
0
0
0
0
0
0
0
0
0
0
19.9629
19.9629
19.9629
0
0
0
0
0
0
0
0
0
0
0
0
19.9629
19.9629
19.9629
0
0
0
0
0
0
0
0
0
0
0
0
19.9629
19.9629
19.9629
0
0
0
0
0
0
0
0
0
0
0
0
19.9629
0
19.9629
19.9629
0
29.9443
29.9443
29.9443
29.9443
29.9443
29.9443
29.9443
29.9443
0
13.974
19.9629
19.9629
19.9629
19.9629
13.974
19.9629
19.9629
19.9629
19.9629
13.974
19.9629
19.9629
19.9629
19.9629
13.974
19.9629
19.9629
19.9629
19.9629
13.974
19.9629
19.9629
19.9629
19.9629
13.974
19.9629
19.9629
19.9629
19.9629
13.974
19.9629
19.9629
19.9629
19.9629
13.974
19.9629
19.9629
19.9629
19.9629
13.974
19.9629
19.9629
19.9629
19.9629
13.974
19.9629
29.9443
19.9629
29.9443
19.9629
29.9443
19.9629
29.9443
19.9629
13.974
19.9629
19.9629
19.9629
19.9629
19.9629
19.9629
19.9629
19.9629
19.9629
19.9629
13.974
19.9629
19.9629
19.9629
19.9629
19.9629
19.9629
19.9629
19.9629
19.9629
19.9629
13.974
19.9629
19.9629
19.9629
19.9629
19.9629
19.9629
19.9629
19.9629
19.9629
19.9629
13.974
19.9629
19.9629
19.9629
19.9629
19.9629
19.9629
19.9629
19.9629
19.9629
19.9629
13.974
19.9629
19.9629
19.9629
19.9629
19.9629
19.9629
19.9629
19.9629
19.9629
19.9629
13.974
19.9629
19.9629
19.9629
19.9629
19.9629
19.9629
19.9629
19.9629
19.9629
19.9629
13.974
19.9629
19.9629
19.9629
19.9629
19.9629
19.9629
19.9629
19.9629
19.9629
19.9629
13.974
19.9629
19.9629
19.9629
19.9629
19.9629
19.9629
19.9629
19.9629
19.9629
19.9629
13.974
19.9629
19.9629
19.9629
19.9629
19.9629
19.9629
19.9629
19.9629
19.9629
13.974
29.9443
29.9443
29.9443
29.9443
29.9443
29.9443
29.9443
19.9629
19.9629
13.974
19.9629
19.9629
19.9629
19.9629
19.9629
19.9629
19.9629
19.9629
13.974
19.9629
19.9629
19.9629
19.9629
19.9629
19.9629
19.9629
19.9629
13.974
19.9629
19.9629
19.9629
19.9629
19.9629
19.9629
19.9629
19.9629
13.974
19.9629
19.9629
19.9629
19.9629
19.9629
19.9629
19.9629
19.9629
13.974
19.9629
19.9629
19.9629
19.9629
19.9629
19.9629
19.9629
19.9629
13.974
19.9629
19.9629
19.9629
19.9629
19.9629
19.9629
19.9629
19.9629
13.974
19.9629
19.9629
19.9629
19.9629
19.9629
19.9629
19.9629
19.9629
13.974
19.9629
19.9629
19.9629
19.9629
19.9629
19.9629
19.9629
19.9629
13.974
19.9629
19.9629
19.9629
19.9629
19.9629
19.9629
19.9629
29.9443
19.9629
29.9443
19.9629
29.9443
19.9629
19.9629
19.9629
13.974
19.9629
19.9629
19.9629
19.9629
19.9629
19.9629
19.9629
19.9629
19.9629
19.9629
19.9629
19.9629
19.9629
19.9629
19.9629
0
0
19.9629
19.9629
19.9629
19.9629
19.9629
19.9629
19.9629
13.974
19.9629
19.9629
19.9629
19.9629
19.9629
19.9629
19.9629
19.9629
19.9629
19.9629
19.9629
19.9629
19.9629
19.9629
19.9629
0
0
19.9629
19.9629
19.9629
19.9629
19.9629
19.9629
19.9629
13.974
19.9629
19.9629
19.9629
19.9629
19.9629
19.9629
19.9629
19.9629
19.9629
19.9629
19.9629
19.9629
19.9629
19.9629
19.9629
0
0
19.9629
19.9629
19.9629
19.9629
19.9629
19.9629
19.9629
13.974
19.9629
19.9629
19.9629
19.9629
19.9629
19.9629
19.9629
19.9629
19.9629
19.9629
19.9629
19.9629
19.9629
19.9629
19.9629
0
0
19.9629
19.9629
19.9629
19.9629
19.9629
19.9629
19.9629
13.974
19.9629
19.9629
19.9629
19.9629
19.9629
19.9629
19.9629
19.9629
19.9629
19.9629
19.9629
19.9629
19.9629
19.9629
19.9629
0
0
19.9629
19.9629
19.9629
19.9629
19.9629
19.9629
19.9629
13.974
19.9629
19.9629
19.9629
19.9629
19.9629
19.9629
19.9629
19.9629
19.9629
19.9629
19.9629
19.9629
19.9629
19.9629
19.9629
0
0
19.9629
19.9629
19.9629
19.9629
19.9629
19.9629
19.9629
13.974
19.9629
19.9629
19.9629
19.9629
19.9629
19.9629
19.9629
19.9629
19.9629
19.9629
19.9629
19.9629
19.9629
19.9629
19.9629
0
0
19.9629
19.9629
19.9629
19.9629
19.9629
19.9629
19.9629
13.974
19.9629
19.9629
19.9629
19.9629
19.9629
19.9629
19.9629
19.9629
19.9629
19.9629
19.9629
19.9629
19.9629
19.9629
19.9629
0
0
19.9629
19.9629
19.9629
19.9629
19.9629
19.9629
19.9629
13.974
19.9629
19.9629
19.9629
19.9629
19.9629
19.9629
19.9629
19.9629
19.9629
19.9629
19.9629
19.9629
19.9629
19.9629
19.9629
0
0
19.9629
19.9629
19.9629
19.9629
29.9443
0
13.974
29.9443
0
29.9443
29.9443
0
0
29.9443
0
29.9443
0
29.9443
29.9443
0
0
29.9443
0
29.9443
0
29.9443
29.9443
0
0
29.9443
0
29.9443
0
29.9443
0
19.9629
29.9443
19.9629
29.9443
19.9629
29.9443
19.9629
29.9443
19.9629
29.9443
19.9629
29.9443
19.9629
29.9443
19.9629
29.9443
)
;
    }
}


// ************************************************************************* //
