/*--------------------------------*- C++ -*----------------------------------*\
| =========                 |                                                 |
| \\      /  F ield         | OpenFOAM: The Open Source CFD Toolbox           |
|  \\    /   O peration     | Version:  v1906                                 |
|   \\  /    A nd           | Web:      www.OpenFOAM.com                      |
|    \\/     M anipulation  |                                                 |
\*---------------------------------------------------------------------------*/
FoamFile
{
    version     2.0;
    format      ascii;
    class       volScalarField;
    location    "40";
    object      qreflective_1;
}
// * * * * * * * * * * * * * * * * * * * * * * * * * * * * * * * * * * * * * //

dimensions      [1 0 -3 0 0 0 0];


internalField   uniform 0;

boundaryField
{
    XMin
    {
        type            calculated;
        value           uniform 0;
    }
    XMax
    {
        type            calculated;
        value           uniform 0;
    }
    YMin
    {
        type            calculated;
        value           uniform 0;
    }
    YMax
    {
        type            calculated;
        value           uniform 0;
    }
    ZMin
    {
        type            calculated;
        value           nonuniform List<scalar> 
1240
(
0
0
0
0
0
253.879
0
0
0
0
0
0
0
0
0
0
0
0
0
0
0
0
0
0
0
0
0
0
0
0
0
0
0
0
0
0
0
0
0
0
0
0
0
0
0
0
0
0
0
0
0
0
0
0
253.879
253.879
253.879
253.879
0
0
0
0
0
0
0
0
0
0
0
0
0
0
253.879
253.879
253.879
0
0
0
0
0
0
0
0
0
0
0
0
0
0
0
0
0
0
0
0
0
0
0
0
0
0
0
0
0
0
0
0
0
0
0
0
0
0
0
0
0
0
0
0
0
0
0
0
0
0
0
0
0
0
0
0
0
0
0
0
0
0
0
0
0
0
0
0
0
0
0
0
0
0
0
0
0
253.879
0
0
0
0
0
0
0
0
0
253.879
0
253.879
253.879
253.879
253.879
0
253.879
253.879
0
0
0
0
0
0
0
0
0
0
0
0
0
0
0
253.879
253.879
0
253.879
253.879
253.879
253.879
253.879
253.879
253.879
253.879
253.879
0
0
253.879
0
0
0
0
0
0
0
0
0
0
0
0
0
0
0
0
0
0
0
0
0
0
0
0
0
0
0
0
0
0
0
0
0
0
0
0
0
0
0
0
0
0
0
0
0
0
0
253.879
0
0
0
0
0
0
0
0
0
0
0
0
0
0
0
0
0
0
0
0
0
0
0
0
0
0
0
0
0
0
0
0
0
0
0
0
0
0
0
0
0
0
0
0
0
0
0
0
0
253.879
0
253.879
253.879
253.879
253.879
253.879
253.879
0
0
0
0
0
0
0
0
0
0
0
0
0
0
0
0
0
0
0
0
0
0
0
0
0
0
0
0
0
0
0
0
0
0
0
0
0
0
0
0
0
0
0
0
0
0
0
0
0
0
0
0
253.879
253.879
0
0
0
253.879
0
0
0
0
0
0
0
0
0
0
0
0
0
0
0
0
253.879
253.879
253.879
253.879
253.879
253.879
0
253.879
0
0
0
0
0
0
0
0
0
0
0
0
0
0
0
0
0
0
0
0
0
0
0
0
0
0
0
0
253.879
253.879
0
0
0
253.879
253.879
253.879
253.879
253.879
253.879
253.879
253.879
253.879
253.879
253.879
253.879
253.879
253.879
253.879
253.879
253.879
253.879
0
0
0
253.879
0
253.879
0
0
0
0
0
0
0
0
0
0
0
0
0
0
0
0
0
0
0
0
0
0
0
0
0
0
0
0
0
0
0
0
0
0
0
0
0
0
0
0
0
0
0
0
0
0
0
0
0
0
0
0
0
0
0
0
0
0
0
0
0
0
0
0
0
0
0
0
0
0
0
0
0
0
0
0
0
0
0
0
0
0
0
0
0
0
0
0
0
0
0
0
0
0
0
0
0
0
0
0
0
0
0
0
0
0
0
0
0
0
0
0
0
0
0
0
0
0
0
0
0
0
0
0
0
0
0
0
0
0
0
0
253.879
253.879
253.879
0
0
0
253.879
253.879
253.879
253.879
253.879
253.879
253.879
253.879
253.879
253.879
253.879
253.879
253.879
253.879
253.879
253.879
253.879
253.879
0
0
0
253.879
253.879
253.879
0
0
0
0
0
0
0
0
0
0
0
0
0
0
0
0
0
0
0
0
0
0
0
0
0
0
0
0
0
0
0
0
0
0
0
0
0
0
0
0
0
0
0
0
0
0
0
0
0
0
0
0
0
0
0
0
0
0
0
0
0
0
0
0
0
0
0
0
0
0
0
0
0
0
0
0
0
0
0
0
0
0
0
0
0
0
0
0
0
0
0
0
0
0
0
0
0
0
0
0
0
0
0
0
0
0
0
0
0
0
0
0
0
0
0
0
0
0
0
0
0
0
0
0
0
0
0
0
0
0
0
0
0
0
0
0
0
0
0
0
0
0
0
0
0
0
0
0
0
0
0
0
0
0
253.879
0
0
0
0
253.879
253.879
253.879
253.879
253.879
253.879
253.879
253.879
253.879
253.879
253.879
253.879
253.879
253.879
253.879
253.879
253.879
253.879
0
0
0
253.879
253.879
253.879
0
0
0
0
0
0
0
0
0
0
0
0
0
0
0
0
0
0
0
0
0
0
0
0
0
0
0
0
0
0
0
0
0
0
0
0
0
0
0
0
0
0
0
0
0
0
0
0
0
0
0
0
0
0
0
0
0
0
0
0
0
0
0
0
0
0
0
0
0
0
0
0
0
0
0
0
0
0
0
0
0
0
0
0
0
0
0
0
0
0
0
0
0
0
0
0
0
0
0
0
0
0
0
0
0
0
0
0
0
0
0
0
0
0
0
0
0
0
0
253.879
0
0
0
253.879
0
0
0
0
0
0
0
0
0
0
0
0
0
0
0
0
253.879
0
0
0
0
0
0
0
0
0
0
0
0
0
0
0
0
0
0
0
0
0
0
0
0
0
0
0
253.879
0
0
253.879
253.879
253.879
253.879
253.879
253.879
253.879
253.879
253.879
0
253.879
253.879
0
0
0
0
0
0
0
0
0
0
0
0
0
0
0
0
0
0
0
0
0
0
0
0
253.879
0
0
253.879
253.879
253.879
253.879
253.879
253.879
253.879
253.879
253.879
0
0
253.879
0
0
0
0
0
0
0
0
0
0
0
0
0
0
0
0
0
0
0
0
0
0
0
0
0
0
0
0
0
0
0
0
0
0
0
0
0
0
0
0
0
0
0
0
0
0
0
0
0
0
0
0
0
0
0
0
0
0
0
0
0
0
0
0
0
0
253.879
253.879
253.879
253.879
253.879
253.879
0
253.879
0
253.879
253.879
253.879
253.879
253.879
253.879
253.879
253.879
253.879
253.879
253.879
253.879
253.879
253.879
253.879
253.879
253.879
253.879
0
0
0
0
0
0
0
0
0
0
0
0
0
0
0
0
0
0
253.879
253.879
253.879
253.879
253.879
253.879
253.879
253.879
253.879
253.879
253.879
253.879
0
0
0
0
0
0
0
0
0
0
0
0
0
0
0
0
0
0
0
0
0
0
0
0
0
0
0
0
0
0
0
0
0
0
0
0
0
0
0
0
0
0
0
0
0
0
0
0
0
0
0
0
0
0
0
0
0
0
0
0
0
0
0
0
0
0
0
253.879
0
0
0
0
0
0
0
0
0
0
0
0
0
0
0
0
0
0
0
0
0
0
0
0
0
0
0
0
0
0
0
0
0
0
0
0
0
)
;
    }
    ZMax
    {
        type            calculated;
        value           uniform 0;
    }
    solarpanel_body_left
    {
        type            calculated;
        value           nonuniform List<scalar> 
2187
(
0
0
0
0
0
0
0
0
0
0
0
0
0
0
216.468
0
216.468
216.468
216.468
216.468
216.468
216.468
216.468
216.468
216.468
216.468
0
216.468
0
0
0
0
0
0
0
0
0
0
0
0
0
0
0
0
216.468
0
216.468
216.468
216.468
216.468
216.468
216.468
216.468
216.468
216.468
216.468
0
216.468
0
0
0
0
0
0
0
0
0
0
0
0
0
0
216.468
0
216.468
216.468
216.468
216.468
216.468
216.468
216.482
216.468
216.48
216.468
0
216.468
0
0
0
0
0
0
0
0
0
0
0
0
0
0
0
0
0
0
0
0
0
0
0
0
0
0
0
0
0
0
0
0
0
0
0
0
0
0
0
0
0
0
0
0
0
0
216.468
0
0
0
0
216.468
0
0
216.468
216.468
216.468
216.468
216.468
216.468
216.468
216.468
216.468
216.468
216.468
216.468
216.468
216.468
216.468
216.468
216.468
216.468
216.468
216.468
216.468
216.468
216.468
216.468
216.468
216.468
216.468
0
0
0
216.468
216.468
216.468
0
0
0
0
0
0
0
0
0
0
0
0
0
0
0
0
0
0
0
0
0
0
0
0
0
0
0
0
0
0
0
0
0
0
0
0
0
0
0
0
0
0
0
0
0
0
0
0
0
216.468
0
0
0
0
216.468
0
0
216.468
216.468
216.468
216.468
216.468
216.468
216.468
216.468
216.468
216.468
216.468
216.468
216.468
216.468
216.468
216.468
216.468
216.468
216.468
216.468
216.468
216.468
216.468
216.468
216.468
216.468
216.468
0
0
0
216.468
216.468
216.468
0
0
0
0
0
0
0
0
0
0
0
0
0
0
0
0
0
0
0
0
0
0
0
0
0
0
0
0
0
0
0
0
0
0
0
0
0
0
0
0
0
0
0
0
0
0
0
0
216.468
0
0
0
0
216.468
0
0
216.468
216.468
216.468
216.468
216.468
216.468
216.468
216.468
216.468
216.468
216.468
216.468
216.468
216.468
216.468
216.468
216.468
216.468
216.468
216.468
216.468
216.468
216.581
216.468
216.468
216.632
216.468
0
0
0
216.468
216.468
0
0
0
0
0
0
0
0
0
0
0
0
0
0
0
0
0
0
0
0
0
0
0
0
0
0
0
0
0
0
0
0
0
0
0
0
0
0
0
0
0
0
0
0
0
0
0
0
0
0
0
0
0
216.468
216.468
216.468
0
0
0
216.468
216.468
216.468
216.468
216.468
216.468
216.468
216.468
216.468
216.468
216.468
216.468
216.468
216.468
216.468
216.468
216.468
216.468
216.468
216.468
216.468
216.468
216.468
216.468
216.468
216.468
216.468
216.468
216.468
216.468
0
0
0
216.468
216.468
216.468
0
0
0
0
0
0
0
0
0
0
0
0
0
0
0
0
0
0
0
0
0
0
0
0
0
0
0
0
0
0
0
0
0
0
0
0
0
0
0
0
0
0
0
0
0
0
0
0
216.468
216.468
216.468
0
0
0
216.468
216.468
216.468
216.468
216.468
216.468
216.468
216.468
216.468
216.468
216.468
216.468
216.468
216.468
216.468
216.468
216.468
216.468
216.468
216.468
216.468
216.468
216.468
216.468
216.468
216.468
216.468
216.468
216.468
216.468
0
0
0
216.468
216.468
216.468
0
0
0
0
0
0
0
0
0
0
0
0
0
0
0
0
0
0
0
0
0
0
0
0
0
0
0
0
0
0
0
0
0
0
0
0
0
0
0
0
0
0
0
0
0
216.468
216.468
216.468
0
0
0
216.468
216.468
216.468
216.468
216.468
216.468
216.468
216.468
216.468
216.468
216.468
216.468
216.468
216.468
216.468
216.468
216.468
216.468
216.468
216.477
216.468
216.468
216.468
216.468
216.468
216.472
216.469
216.468
216.479
216.468
0
0
0
216.468
216.468
216.468
0
0
0
0
0
0
0
0
0
0
0
0
0
0
0
0
0
0
0
0
0
0
0
0
0
0
0
0
0
0
0
0
0
0
0
0
0
0
0
0
0
0
0
0
0
0
0
0
0
0
0
0
0
0
0
0
0
0
0
0
0
0
0
0
0
0
0
0
0
0
0
0
0
0
0
0
0
0
0
0
0
0
0
0
0
0
0
0
0
0
0
0
0
0
0
0
0
0
0
0
0
0
0
0
0
0
0
0
0
0
0
0
0
0
0
0
0
0
0
0
0
0
0
0
0
0
0
0
0
0
0
0
0
0
0
0
0
0
216.468
216.468
216.468
0
0
0
0
0
0
0
0
0
0
0
0
216.468
216.468
216.468
0
0
0
0
0
0
216.468
216.468
216.468
216.468
216.468
216.468
216.468
216.468
216.468
216.468
216.468
216.468
216.468
216.468
216.468
216.468
216.468
216.468
216.468
216.468
216.468
216.468
216.468
216.468
216.468
216.468
216.468
216.468
216.468
216.468
216.468
216.468
216.468
216.468
216.468
216.468
216.468
216.468
216.468
216.468
216.468
216.468
216.468
216.468
216.468
216.468
216.468
216.468
216.468
216.468
216.468
216.468
216.468
216.468
216.468
216.468
216.468
216.468
216.468
216.468
216.468
216.468
216.468
216.468
216.468
216.468
216.468
216.468
216.468
216.468
216.468
216.468
216.468
216.468
216.468
216.468
216.468
216.468
216.468
216.468
216.468
0
0
0
0
0
0
0
0
0
216.468
216.468
216.468
216.468
216.468
216.468
216.468
216.468
216.468
0
0
0
0
0
0
0
0
0
0
0
0
0
0
0
0
0
0
0
0
0
0
0
0
0
0
0
0
0
0
0
0
0
0
0
0
0
0
0
0
0
0
0
0
0
0
0
0
0
0
0
0
0
0
0
0
0
0
0
0
0
0
0
0
0
0
0
0
0
0
0
0
0
0
0
0
0
0
0
0
0
0
0
0
0
0
0
0
0
0
0
0
0
0
0
0
0
0
0
0
0
0
0
0
0
0
0
0
0
0
0
0
0
0
0
0
0
0
0
0
0
0
0
0
0
0
0
0
0
0
0
0
0
0
0
0
0
0
0
0
0
0
0
0
0
0
0
216.468
216.468
216.468
0
0
0
0
0
0
0
0
0
0
0
0
216.468
216.468
216.468
0
0
0
0
0
0
216.468
216.468
216.468
216.468
216.468
216.468
216.468
216.468
216.468
216.468
216.468
216.468
216.468
216.468
216.468
216.468
216.468
216.468
216.468
216.468
216.468
216.468
216.468
216.468
216.468
216.468
216.468
216.468
216.468
216.468
216.468
216.468
216.468
216.468
216.468
216.468
216.468
216.468
216.468
216.468
216.468
216.468
216.468
216.468
216.468
216.468
216.468
216.468
216.468
216.468
216.468
216.468
216.468
216.468
216.468
216.468
216.468
216.468
216.468
216.468
216.468
216.468
216.468
216.468
216.468
216.468
216.468
216.468
216.468
216.468
216.468
216.468
216.468
216.468
216.468
216.468
216.468
216.468
216.468
216.468
216.468
0
0
0
0
0
0
0
0
0
216.468
216.468
216.468
216.468
216.468
216.468
216.468
216.468
216.468
0
0
0
0
0
0
0
0
0
0
0
0
0
0
0
0
0
0
0
0
0
0
0
0
0
0
0
0
0
0
0
0
0
0
0
0
0
0
0
0
0
0
0
0
0
0
0
0
0
0
0
0
0
0
0
0
0
0
0
0
0
0
0
0
0
0
0
0
0
0
0
0
0
0
0
0
0
0
0
0
0
0
0
0
0
0
0
0
0
0
0
0
0
0
0
0
0
0
0
0
0
0
0
0
0
0
0
0
0
0
0
0
0
0
0
0
0
0
0
0
0
0
0
0
0
0
0
0
0
0
0
0
0
0
0
0
0
0
0
0
0
0
0
0
0
0
216.468
216.468
216.468
0
0
0
0
0
0
0
0
0
0
0
0
216.468
216.468
216.468
0
0
0
0
0
0
216.468
216.468
216.468
216.468
216.468
216.468
216.468
216.468
216.468
216.468
216.468
216.468
216.468
216.468
216.468
216.468
216.468
216.468
216.468
216.468
216.468
216.468
216.468
216.468
216.468
216.468
216.468
216.468
216.468
216.468
216.468
216.468
216.468
216.468
216.468
216.468
216.468
216.468
216.468
216.468
216.468
216.468
216.468
216.468
216.468
216.468
216.468
216.468
216.469
216.468
216.468
216.468
216.468
216.468
216.468
216.468
216.468
216.468
216.468
216.468
216.468
216.468
216.468
216.468
216.468
216.468
216.497
216.484
216.477
216.468
216.468
216.468
216.468
216.468
216.468
216.565
216.487
216.479
216.468
216.468
216.468
0
0
0
0
0
0
0
0
0
216.468
216.468
216.468
216.468
216.468
216.468
216.468
216.468
216.468
0
0
0
0
0
0
0
0
0
0
0
0
0
0
0
0
0
0
0
0
0
0
0
0
0
0
0
0
0
0
0
0
0
0
0
0
0
216.468
216.468
216.468
216.468
0
0
0
0
0
0
0
216.468
216.468
216.468
216.468
0
0
0
0
0
0
0
216.468
216.468
216.468
216.468
0
0
0
0
0
216.494
216.468
216.527
0
0
0
0
0
216.485
216.468
216.564
216.468
0
0
0
0
0
0
0
0
0
0
0
0
0
0
0
0
0
216.468
216.468
216.468
216.468
216.468
216.468
216.468
216.468
216.468
216.468
216.468
216.468
0
0
0
0
0
0
0
0
0
0
0
0
0
0
0
0
0
0
0
0
216.468
216.468
216.468
216.468
216.468
216.468
216.468
216.468
216.468
216.468
216.468
216.468
0
0
0
0
0
0
0
0
0
0
0
0
0
0
0
0
0
0
216.468
216.468
216.468
216.468
216.468
216.468
216.468
216.468
216.468
216.468
216.468
216.468
0
0
0
0
0
0
0
0
0
0
0
0
0
0
0
216.468
216.468
216.864
0
0
0
0
0
0
0
0
0
0
0
0
0
0
0
0
0
0
0
0
0
0
0
0
216.084
0
216.468
216.469
216.351
0
0
0
0
0
0
0
0
0
0
0
0
0
0
0
216.468
216.468
216.468
216.468
216.468
216.468
216.468
216.468
216.468
216.468
216.468
216.468
0
0
0
0
0
0
0
0
0
0
0
0
0
0
0
0
0
0
0
0
0
216.468
216.468
216.468
216.468
216.468
216.468
216.468
216.468
216.468
216.468
216.468
216.468
0
0
0
0
0
0
0
0
0
0
0
0
0
0
0
0
0
0
0
216.468
216.468
216.468
216.468
216.468
216.468
216.468
216.468
216.468
216.468
216.468
216.468
0
0
0
0
0
0
0
0
0
0
0
0
0
0
0
216.486
216.643
216.583
216.468
216.468
216.468
216.489
216.433
216.401
0
0
0
0
0
0
0
0
0
0
0
0
0
0
0
216.477
216.583
216.501
216.468
216.468
216.468
216.533
216.398
216.65
216.463
0
0
0
0
0
0
0
0
0
0
0
0
0
0
0
0
0
0
0
0
0
0
0
0
0
0
0
0
0
0
0
0
0
0
0
0
0
0
0
0
0
0
0
0
0
0
0
0
0
216.468
216.468
216.468
216.468
216.468
216.468
216.468
216.468
216.468
216.468
216.468
216.468
216.468
216.468
216.468
216.468
216.468
216.468
216.468
216.468
216.468
216.468
216.468
216.468
216.468
216.468
216.468
216.468
216.468
216.468
216.468
216.468
216.468
216.468
216.468
216.468
0
0
0
0
0
0
0
0
0
0
0
0
0
0
0
0
0
0
0
0
0
0
0
0
0
0
0
0
0
0
0
0
0
0
0
0
0
0
0
0
0
0
0
0
0
0
0
0
0
0
0
0
0
0
0
0
0
0
0
0
0
0
0
216.468
216.468
216.468
216.468
216.468
216.468
216.468
216.468
216.468
216.468
216.468
216.468
216.468
216.468
216.468
216.468
216.468
216.468
216.468
216.468
216.468
216.468
216.468
216.468
216.468
216.468
216.468
216.468
216.468
216.468
216.468
216.468
216.468
216.468
216.468
216.468
0
0
0
0
0
0
0
0
0
0
0
0
0
0
0
0
0
0
0
0
0
0
0
0
0
0
0
0
0
0
0
0
0
0
0
0
0
0
0
0
0
0
0
0
0
0
0
0
0
0
0
0
0
0
216.468
216.468
216.468
216.468
216.468
216.468
216.468
216.468
216.468
216.468
216.468
216.468
216.468
216.468
216.468
216.468
216.468
216.468
216.468
216.468
216.468
216.468
216.468
216.468
216.468
216.468
216.468
216.468
216.468
216.468
216.468
216.468
216.468
216.468
216.468
216.468
0
0
0
0
0
0
0
0
0
0
0
0
0
0
0
0
0
0
0
0
0
0
0
0
0
0
0
0
0
0
0
0
0
0
0
0
0
0
0
0
0
0
0
0
0
0
216.473
216.468
216.483
216.317
216.426
216.468
216.464
216.468
216.468
216.468
216.468
216.468
216.468
216.468
216.626
215.658
215.73
0
0
0
0
0
0
0
0
0
0
0
0
0
0
0
0
0
0
0
0
0
0
0
0
0
0
0
0
0
0
0
0
0
0
0
0
0
0
0
0
0
0
0
0
0
0
0
0
0
216.614
215.955
216.541
0
0
0
216.468
216.468
216.468
216.468
216.468
216.468
216.468
216.483
216.468
216.544
216.05
216.447
216.065
216.434
)
;
    }
    solarpanel_body_right
    {
        type            calculated;
        value           uniform 0;
    }
    solarpanel_body_top
    {
        type            calculated;
        value           nonuniform List<scalar> 
2652
(
0
0
0
0
0
0
0
0
0
0
0
0
204.906
204.093
203.627
0
0
0
0
0
0
0
0
0
0
0
0
0
0
0.312074
0
0
245.108
247.364
245.109
245.116
0
0
0
245.109
0
0
0
0
0
0
0
0
245.109
245.112
245.111
245.112
245.108
245.11
245.11
245.108
0
245.11
0
245.108
0
0
0
0
207.628
202.432
202.445
0
0
0
0
0
0
0
0
0
0
0
0
0
0
0
0
0
0
0
0
0
0
0
0
0
0
0
0
192.28
188.955
187.219
192.194
183.743
178.535
183.909
182.795
190.549
183.017
188.718
187.139
177.844
182.313
182.306
185.369
186.842
185.66
0
185.851
181.853
178.031
0
179.911
0
0
0
0
0
0
0
0
0
0
0
0
0
0
0
0
0
245.109
0
245.109
245.11
245.112
245.113
245.11
245.113
245.109
245.114
245.113
0
0
0
245.109
245.115
245.109
0
0
0
245.109
0
0
0
0
0
0
0
0
0
0
0
0
0
0
0
0
0
0
245.115
245.11
245.108
245.108
245.109
245.116
245.111
245.109
245.108
245.11
245.11
245.108
245.109
245.11
245.109
245.109
0
0
0
0
0
245.109
0
0
0
0
0
0
0
0
0
0
0
0
0
0
204.677
203.959
202.499
204.549
199.441
201.012
206.213
201.003
200.358
0
0
0
0
0
0
0
0
0
0
0
0
0
0
0
0
25.9307
0
0
26.2768
31.0566
25.9668
31.547
22.3444
26.5508
0
23.0274
16.4744
30.7576
0
37.5167
0
0
0
0
0
155.825
161.262
150.477
156.833
156.544
154.05
166.923
159.263
155.943
0
0
0
0
0
0
0
0
0
0
0
0
0
0
0
0
0
212.395
210.061
211.477
212.013
212.4
0
0
0
0
0
0
0
0
0
0
0
0
0
0
0
0
0
0
0
0
0
0
0
0
0
0
0
0
0
0
0
0
0
0
0
0
70.2072
104.767
0
0
75.9078
90.785
74.3272
107.603
0
0
69.8136
104.964
245.108
245.109
244.962
246.714
245.112
245.089
245.104
245.138
0
0
0
0
0
0
0
0
0
0
0
0
0
0
0
0
0
0
0
0
0
0
0
0
245.109
245.116
245.109
245.115
245.108
245.113
245.11
245.111
245.11
245.108
245.11
245.112
245.113
245.11
245.108
245.11
0
245.108
0
245.112
0
0
245.108
245.11
0
0
0
0
0
0
0
0
220.64
219.427
220.417
219.005
221.217
217.771
220.301
218.456
220.811
219.023
0
219.576
0
0
0
0
205.663
200.94
200.783
192.285
192.128
190.556
191.336
202.88
201.867
200.868
192.13
193.928
193.929
194.259
203.379
197.01
196.185
191.283
193.554
197.601
195.15
0
0
0
0
0
0
0
0
0
0
0
0
0
0
0
0
0
0
0
0
0
0
0
0
0
0
0
0
0
0
0
0
0
0
0
0
0
0
0
0
0
0
0
0
0
0
0
0
0
0
0
0
0
0
0
0
0
0
0
0
0
0
0
0
0
0
0
0
0
0
0
0
0
0
0
0
0
0
24.5152
24.7893
24.5117
26.7056
1.32715
11.1384
22.7693
25.0089
23.9635
24.0884
4.24428
10.4951
0
15.9407
31.3083
15.5109
38.9262
0
0
0
17.3245
0
0
13.952
0
0
0
0
188.625
190.55
185.027
187.762
0
177.37
0
159.117
178.536
151.173
168.483
181.108
162.161
165.372
169.841
179.725
189.731
185.891
188.444
185.465
173.804
176.702
144.013
154.349
167.561
180.401
172.423
180.31
159.572
161.172
180.726
192.098
185.564
0
187.495
166.266
182.884
162.643
160.623
153.094
149.139
176.425
0
0
0
0
150.666
150.35
171.275
182.178
0
0
0
0
0
0
0
0
0
0
0
0
0
0
0
0
0
76.1791
94.8329
82.7813
89.4009
69.53
77.8544
92.939
72.5104
96.5664
64.9794
0
0
0
0
0
0
0
0
0
0
0
0
0
0
0
0
0
0
0
0
0
0
0
0
0
0
0
0
0
0
0
0
0
0
0
0
0
0
0
0
0
0
0
0
0
0
0
0
0
0
0
0
0
0
0
0
0
0
0
0
0
0
0
0
0
0
0
0
0
0
0
0
0
0
0
0
0
0
0
0
0
0
0
0
0
0
0
0
0
0
0
0
0
0
0
0
0
0
0
0
0
0
0
0
0
0
0
0
0
0
0
0
0
0
0
0
0
0
0
0
0
0
0
0
0
0
0
0
0
0
0
0
0
0
0
0
0
0
0
0
0
0
0
0
0
0
0
0
0
0
0
0
0
0
0
0
0
0
245.109
245.107
0
0
245.11
0
245.109
0
245.114
245.107
245.112
245.107
245.106
245.113
245.106
245.109
245.114
245.11
245.109
245.109
245.114
245.111
245.113
245.109
0
0
0
0
0
0
0
0
245.11
245.109
245.109
245.115
245.105
245.114
245.109
0
0
0
245.109
0
0
245.114
245.109
0
0
0
0
0
0
0
0
0
0
0
0
0
0
0
0
0
0
0
0
0
0
0
0
0
0
0
0
0
0
0
0
0
0
0
0
0
0
245.114
245.112
245.11
245.113
245.111
245.109
245.107
245.111
245.113
245.111
241.312
245.109
245.14
240.98
223.357
245.109
245.107
240.948
245.109
245.109
240.961
223.316
245.11
245.107
245.11
245.112
245.113
245.11
245.108
245.11
245.11
245.113
240.952
245.11
245.114
241.002
245.115
245.113
223.358
240.972
245.114
245.108
240.928
0
0
0
0
0
0
0
0
245.11
0
240.969
245.109
245.113
0
0
0
0
0
0
0
0
0
0
0
0
0
0
0
0
0
0
0
0
0
0
0
0
0
220.423
220.14
220.14
220.217
214.594
210.055
215.141
215.362
210.368
215.916
219.037
217.773
218.925
219.408
214.096
211.295
213.492
211.365
211.449
211.368
0
0
0
0
214.691
209.632
213.593
0
0
0
0
0
0
0
0
0
0
0
0
0
0
0
0
204.458
207.203
210.782
209.076
204.123
211.717
208.725
0
0
0
0
0
0
0
0
0
0
0
0
0
0
0
0
0
0
0
0
0
0
0
0
0
0
0
0
0
0
0
0
0
0
0
0
0
0
0
0
0
0
0
0
0
0
0
0
0
0
0
0
0
0
0
0
0
0
0
0
0
0
0
0
0
0
0
0
0
1.50583
0
2.43927
0
0
0
0
0
0
206.948
0
0
0
147.909
157.783
149.646
151.197
153.9
150.757
0
0
0
0
0
0
0
0
0
129.04
0
0
0
0
0
34.7074
0
0
131.341
136.199
120.459
108.899
126.069
66.8248
41.9745
48.7126
55.9376
41.4838
122.806
134.169
124.916
110.328
134.012
0
66.7632
43.4366
0
0
0
0
0
0
0
0
0
0
0
0
0
0
0
0
0
0
0
0
0
0
0
0
0
0
0
0
0
0
0
0
0
0
0
0
0
0
0
0
0
0
0
0
0
0
0
0
0
0
0
0
0
0
0
0
0
0
0
0
0
0
0
0
0
0
0
0
0
0
0
0
0
0
0
0
0
0
0
0
0
0
0
0
0
0
0
0
0
0
0
0
0
0
0
0
0
0
0
0
0
0
0
0
0
0
0
0
0
0
0
0
0
0
0
0
0
0
0
0
0
0
0
0
0
0
0
0
0
0
0
0
0
0
0
0
0
0
0
0
0
0
0
0
0
0
0
0
0
0
0
0
0
0
0
0
0
0
0
0
0
0
0
0
0
0
0
0
0
0
245.248
0
0
0
0
0
0
0
0
0
0
0
0
0
0
0
0
0
0
0
0
0
0
0
0
0
0
0
0
0
0
0
0
0
0
0
0
0
0
0
0
0
0
0
207.292
216.721
209.435
211.367
217.912
216.876
202.567
211.559
217.361
210.01
0
204.488
0
0
0
0
0
0
0
0
0
0
0
0
0
0
0
0
0
0
221.64
223.782
221.789
223.192
221.315
223.463
223.295
221.781
221.192
223.388
223.455
220.834
0
0
0
0
0
0
0
0
0
0
0
0
0
0
0
0
0
0
0
0
0
0
0
0
0
0
0
0
0
0
0
0
0
0
0
0
202.879
202.431
200.149
202.029
200.391
0
0
224.316
223.137
223.227
223.32
223.218
223.335
223.376
0
221.152
223.206
221.279
223.197
214.791
205.315
211.219
210.588
221.399
223.418
220.94
223.34
211.623
209.265
214.504
212.878
202.891
0
0
0
0
214.885
208.517
0
0
0
0
0
0
0
0
0
0
0
0
0
0
0
0
0
0
0
0
0
0
0
0
0
0
0
0
0
0
0
0
0
0
0
0
0
0
0
0
0
0
0
0
0
0
108.241
0
0
111.718
0
111.348
106.166
0
75.3668
93.1113
72.6564
59.6458
123.641
57.7206
117.01
120.8
96.6057
0
0
74.4824
0
0
0
0
0
0
0
0
0
0
0
0
0
0
0
0
0
0
0
0
0
0
0
0
0
0
0
0
0
0
0
0
0
0
0
0
0
0
0
0
0
0
0
0
0
0
0
0
0
0
0
0
0
0
0
0
0
0
0
0
0
0
0
0
0
0
0
0
0
0
0
0
0
0
0
0
0
0
0
0
0
0
0
0
0
0
0
0
0
0
0
0
0
0
0
0
0
0
0
0
0
0
245.109
244.871
245.087
245.083
0
0
0
0
0
0
0
0
0
0
0
0
245.111
245.109
245.109
245.106
245.11
245.113
245.113
245.11
245.11
245.113
245.113
245.11
0
0
0
0
221.498
223.378
223.373
221.3
220.508
220.711
218.422
220.592
220.389
221.21
222.96
222.801
221.771
220.708
220.516
217.027
220.618
219.342
217.39
220.834
0
223.242
0
221.072
220.594
218.14
220.253
220.841
217.384
0
0
0
0
0
0
0
0
0
0
0
0
0
0
0
0
0
0
0
0
0
0
0
0
0
0
0
0
0
0
0
0
0
0
0
0
0
0
0
0
0
0
0
0
0
0
0
0
0
0
0
0
0
0
0
0
0
0
0
0
0
0
0
0
0
0
0
0
0
0
0
0
0
0
0
0
0
0
0
0
0
0
0
0
0
0
0
0
0
0
0
0
0
0
0
0
0
0
0
0
0
0
0
0
0
0
0
0
0
0
0
0
0
0
0
0
0
0
0
0
0
0
0
0
0
0
0
0
0
0
0
0
0
0
0
0
0
0
0
0
0
0
0
31.8343
35.9774
0
8.71162
6.68748
0
0
0
0
13.0069
12.4082
41.9577
0
0
0
0
0
0
0
0
0
0
0
0
199.095
197.977
197.115
199.667
193.112
197.561
173.811
0
0
0
169.765
147.637
173.363
143.787
168.774
199.848
196.691
197.502
200.164
196.71
196.691
144.822
171.272
148.024
168.227
172.424
147.113
166.905
146.241
172.926
198.821
0
0
0
198.619
0
170.693
155.184
148.664
174.482
155.565
150.92
173.628
0
0
0
0
0
0
0
0
0
0
0
0
0
0
0
0
0
0
0
0
0
0
0
0
0
0
0
0
0
63.0498
79.4011
98.2526
51.8232
118.415
122.356
93.0068
0
0
0
43.0897
54.6077
106.746
136.63
140.485
130.936
116.938
128.884
65.6475
65.1759
106.937
54.6799
116.051
113.298
101.105
56.2475
39.701
42.333
54.8767
42.0594
122.944
126.599
131.348
128.759
108.29
132.165
0
0
35.9851
57.6675
0
0
0
0
0
0
0
0
0
0
0
0
0
0
0
0
0
0
0
0
0
0
0
0
0
0
0
0
0
0
0
0
0
0
0
0
0
0
0
0
0
0
0
0
0
0
0
0
0
0
0
0
0
0
0
0
0
0
0
0
0
0
0
0
0
0
0
0
0
0
0
0
0
0
0
0
0
0
0
0
0
0
0
0
0
0
0
0
0
0
0
0
0
0
0
0
0
0
0
0
0
0
0
0
0
0
0
0
0
0
0
0
0
0
0
0
0
0
0
0
0
0
0
0
0
0
0
0
0
0
0
0
0
0
0
0
0
0
0
0
0
0
0
0
0
0
0
0
0
0
0
0
0
0
0
0
0
0
0
0
0
0
0
0
0
0
0
0
0
0
0
0
0
0
0
0
0
0
0
0
0
0
0
0
0
0
0
0
0
0
0
0
0
0
0
0
0
0
0
0
0
0
0
0
0
0
0
0
0
0
0
0
0
0
0
0
0
0
0
0
0
0
0
0
0
0
0
0
0
0
0
0
0
0
0
0
0
0
0
0
0
0
0
0
0
0
0
0
0
0
0
0
0
0
0
0
0
0
0
0
0
0
0
0
0
0
0
0
0
0
0
0
0
0
0
0
0
0
0
0
0
0
0
0
0
0
0
0
0
0
0
0
0
0
0
0
0
0
0
0
0
0
0
0
0
0
0
0
0
0
0
0
0
0
0
0
0
0
0
0
0
0
0
0
0
0
0
0
0
0
0
0
0
0
0
0
0
0
0
0
0
0
0
0
0
0
0
0
0
0
0
0
0
0
0
0
0
0
0
0
0
0
0
0
0
0
0
0
0
0
0
0
0
0
0
0
0
0
0
0
0
0
0
0
0
0
0
0
0
0
0
0
0
0
0
0
0
0
245.077
0
0
0
0
0
0
0
0
0
0
0
0
0
0
0
0
0
0
0
0
0
0
0
0
0
0
0
0
0
0
0
0
0
0
0
0
0
0
0
0
0
0
0
0
0
0
0
0
0
0
0
0
0
0
0
0
0
0
0
0
0
0
0
0
0
0
0
0
0
0
0
0
0
0
0
0
0
0
0
0
0
0
0
0
0
0
0
0
0
0
0
0
0
0
0
0
0
0
0
0
0
0
0
0
0
0
0
0
0
0
0
0
0
0
0
0
0
0
245.109
0
245.11
245.112
245.113
245.11
245.108
245.111
245.111
245.11
245.111
245.114
0
0
0
0
245.105
245.114
245.106
245.114
0
0
0
245.114
0
0
0
0
0
0
0
0
0
0
0
0
0
0
0
0
0
0
0
0
245.11
245.113
245.112
245.111
245.112
241.037
245.107
223.282
241.004
245.111
240.944
223.218
245.11
240.961
223.27
245.11
245.112
245.112
245.11
245.113
223.266
223.568
223.56
241.007
245.114
241.003
245.114
222.973
223.126
240.934
245.109
240.934
0
0
0
0
245.114
240.963
245.114
223.486
240.994
0
0
0
0
0
0
0
0
0
0
0
0
0
0
0
0
0
220.992
223.288
220.875
223.211
220.419
220.286
216.777
220.342
220.361
216.864
216.704
215.974
217.047
205.311
209.266
215.812
216.27
215.063
209.824
204.075
210.709
216.374
216.36
221.541
222.831
221.472
223.139
219.564
219.543
219.534
219.812
217.021
214.733
216.577
210.411
211.298
212.54
213.438
211.559
200.72
211.525
217.822
211.517
0
0
0
0
0
0
0
0
0
214.762
217.389
209.497
209.87
216.746
212.827
0
0
0
0
0
0
0
0
0
0
0
0
0
0
0
0
0
0
0
0
)
;
    }
    solarpanel_body_back
    {
        type            calculated;
        value           uniform 0;
    }
    ref_wall
    {
        type            calculated;
        value           uniform 0;
    }
}


// ************************************************************************* //
