/*--------------------------------*- C++ -*----------------------------------*\
| =========                 |                                                 |
| \\      /  F ield         | OpenFOAM: The Open Source CFD Toolbox           |
|  \\    /   O peration     | Version:  v1906                                 |
|   \\  /    A nd           | Web:      www.OpenFOAM.com                      |
|    \\/     M anipulation  |                                                 |
\*---------------------------------------------------------------------------*/
FoamFile
{
    version     2.0;
    format      ascii;
    class       volScalarField;
    location    "50";
    object      qr;
}
// * * * * * * * * * * * * * * * * * * * * * * * * * * * * * * * * * * * * * //

dimensions      [1 0 -3 0 0 0 0];


internalField   uniform 0;

boundaryField
{
    XMin
    {
        type            calculated;
        value           uniform 0;
    }
    XMax
    {
        type            calculated;
        value           uniform 0;
    }
    YMin
    {
        type            calculated;
        value           uniform 0;
    }
    YMax
    {
        type            calculated;
        value           uniform 0;
    }
    ZMin
    {
        type            calculated;
        value           nonuniform List<scalar> 
1240
(
597.74
597.74
597.74
597.74
597.74
1078.59
597.74
41.6309
41.6309
41.6309
41.6309
597.74
597.74
597.74
597.74
597.74
597.74
597.74
597.74
597.74
597.74
597.74
597.74
597.74
41.6309
41.6309
41.6309
41.6309
597.74
597.74
597.74
597.74
597.74
597.74
597.74
597.74
597.74
597.74
597.74
597.74
597.74
597.74
597.74
597.74
597.74
597.74
597.74
597.74
597.74
597.74
597.74
41.6309
41.6309
41.6309
522.481
522.481
522.481
522.481
41.6309
41.6309
41.6309
597.74
597.74
597.74
597.74
597.74
597.74
41.6309
41.6309
41.6309
41.6309
41.6309
522.481
522.481
522.481
41.6309
41.6309
41.6309
597.74
597.74
597.74
597.74
597.74
597.74
597.74
597.74
597.74
597.74
597.74
597.74
597.74
597.74
597.74
597.74
597.74
597.74
597.74
597.74
597.74
597.74
597.74
597.74
597.74
597.74
597.74
597.74
597.74
597.74
597.74
597.74
597.74
597.74
597.74
597.74
597.74
597.74
597.74
597.74
597.74
597.74
597.74
597.74
597.74
597.74
597.74
597.74
597.74
597.74
597.74
597.74
597.74
597.74
597.74
597.74
597.74
597.74
597.74
597.74
597.74
597.74
41.6309
597.74
41.6309
41.6309
41.6309
41.6309
41.6309
41.6309
41.6309
41.6309
41.6309
597.74
1078.59
597.74
41.6309
41.6309
41.6309
41.6309
41.6309
597.74
597.74
597.74
522.481
41.6309
522.481
522.481
522.481
522.481
597.74
522.481
522.481
597.74
41.6309
597.74
41.6309
41.6309
41.6309
41.6309
41.6309
41.6309
41.6309
41.6309
41.6309
41.6309
41.6309
41.6309
522.481
522.481
41.6309
522.481
522.481
522.481
522.481
522.481
522.481
522.481
522.481
522.481
41.6309
41.6309
522.481
41.6309
41.6309
41.6309
597.74
597.74
597.74
597.74
597.74
597.74
597.74
597.74
597.74
597.74
597.74
597.74
597.74
597.74
597.74
597.74
597.74
597.74
597.74
597.74
597.74
597.74
597.74
597.74
597.74
597.74
597.74
597.74
597.74
597.74
597.74
597.74
597.74
597.74
597.74
597.74
597.74
597.74
597.74
597.74
597.74
597.74
597.74
597.74
1078.59
597.74
597.74
597.74
597.74
597.74
597.74
597.74
597.74
597.74
597.74
597.74
597.74
597.74
597.74
597.74
597.74
597.74
597.74
597.74
597.74
597.74
597.74
597.74
597.74
597.74
597.74
597.74
597.74
597.74
597.74
597.74
597.74
597.74
597.74
41.6309
41.6309
597.74
41.6309
41.6309
41.6309
41.6309
41.6309
41.6309
41.6309
41.6309
41.6309
597.74
41.6309
41.6309
1078.59
597.74
1078.59
1078.59
1078.59
1078.59
1078.59
1078.59
597.74
41.6309
41.6309
597.74
597.74
41.6309
597.74
597.74
597.74
597.74
597.74
597.74
597.74
597.74
597.74
597.74
597.74
597.74
597.74
597.74
597.74
597.74
597.74
597.74
597.74
597.74
597.74
597.74
597.74
597.74
597.74
597.74
597.74
597.74
597.74
597.74
597.74
597.74
597.74
597.74
597.74
597.74
597.74
597.74
597.74
597.74
597.74
597.74
597.74
597.74
597.74
597.74
1078.59
1078.59
597.74
597.74
597.74
1078.59
41.6309
41.6309
41.6309
41.6309
41.6309
41.6309
41.6309
41.6309
41.6309
41.6309
41.6309
41.6309
41.6309
41.6309
597.74
597.74
1078.59
1078.59
1078.59
1078.59
1078.59
1078.59
597.74
1078.59
41.6309
597.74
41.6309
41.6309
41.6309
41.6309
41.6309
41.6309
41.6309
41.6309
41.6309
41.6309
41.6309
41.6309
41.6309
41.6309
41.6309
41.6309
41.6309
41.6309
41.6309
41.6309
41.6309
41.6309
41.6309
41.6309
41.6309
41.6309
522.481
522.481
41.6309
41.6309
41.6309
522.481
522.481
522.481
522.481
522.481
522.481
522.481
522.481
522.481
522.481
522.481
522.481
522.481
522.481
522.481
522.481
522.481
522.481
41.6309
41.6309
41.6309
522.481
41.6309
522.481
41.6309
41.6309
41.6309
41.6309
41.6309
41.6309
597.74
597.74
597.74
597.74
597.74
597.74
597.74
597.74
597.74
597.74
597.74
597.74
597.74
597.74
597.74
597.74
597.74
597.74
597.74
597.74
597.74
597.74
597.74
597.74
597.74
597.74
597.74
597.74
597.74
597.74
597.74
597.74
597.74
597.74
597.74
597.74
597.74
597.74
597.74
597.74
597.74
597.74
597.74
597.74
597.74
597.74
597.74
597.74
597.74
597.74
597.74
597.74
597.74
597.74
597.74
597.74
597.74
597.74
597.74
597.74
597.74
597.74
597.74
597.74
597.74
597.74
597.74
597.74
597.74
597.74
597.74
597.74
597.74
597.74
597.74
597.74
597.74
597.74
597.74
597.74
597.74
597.74
597.74
597.74
597.74
597.74
597.74
597.74
597.74
597.74
597.74
597.74
597.74
597.74
597.74
597.74
41.6309
41.6309
41.6309
597.74
597.74
41.6309
41.6309
41.6309
41.6309
41.6309
41.6309
41.6309
41.6309
41.6309
41.6309
41.6309
41.6309
41.6309
41.6309
41.6309
41.6309
41.6309
41.6309
41.6309
41.6309
41.6309
41.6309
41.6309
41.6309
41.6309
522.481
522.481
522.481
41.6309
41.6309
41.6309
522.481
522.481
522.481
522.481
522.481
522.481
522.481
522.481
522.481
522.481
522.481
522.481
522.481
522.481
522.481
522.481
522.481
522.481
41.6309
41.6309
41.6309
522.481
522.481
522.481
41.6309
41.6309
41.6309
41.6309
41.6309
41.6309
597.74
597.74
597.74
597.74
597.74
597.74
597.74
597.74
597.74
597.74
597.74
597.74
597.74
597.74
597.74
597.74
597.74
597.74
597.74
597.74
597.74
597.74
597.74
597.74
597.74
597.74
597.74
597.74
597.74
597.74
597.74
597.74
597.74
597.74
597.74
597.74
597.74
597.74
597.74
597.74
597.74
597.74
597.74
597.74
597.74
597.74
597.74
597.74
597.74
597.74
597.74
597.74
597.74
597.74
597.74
597.74
597.74
597.74
597.74
597.74
597.74
597.74
597.74
597.74
597.74
597.74
597.74
597.74
597.74
597.74
597.74
597.74
597.74
597.74
597.74
597.74
597.74
597.74
597.74
597.74
597.74
597.74
597.74
597.74
597.74
597.74
597.74
597.74
597.74
597.74
597.74
597.74
597.74
597.74
597.74
597.74
597.74
597.74
597.74
597.74
597.74
597.74
41.6309
41.6309
597.74
41.6309
41.6309
41.6309
597.74
597.74
597.74
597.74
597.74
597.74
597.74
597.74
597.74
597.74
597.74
597.74
41.6309
41.6309
41.6309
41.6309
41.6309
41.6309
41.6309
41.6309
41.6309
41.6309
41.6309
41.6309
41.6309
41.6309
41.6309
41.6309
41.6309
41.6309
41.6309
41.6309
41.6309
41.6309
41.6309
41.6309
41.6309
41.6309
41.6309
41.6309
522.481
41.6309
41.6309
41.6309
41.6309
522.481
522.481
522.481
522.481
522.481
522.481
522.481
522.481
522.481
522.481
522.481
522.481
522.481
522.481
522.481
522.481
522.481
522.481
41.6309
41.6309
41.6309
522.481
522.481
522.481
41.6309
41.6309
41.6309
41.6309
41.6309
41.6309
597.74
597.74
597.74
41.6309
41.6309
41.6309
41.6309
41.6309
41.6309
41.6309
41.6309
597.74
597.74
597.74
41.6309
41.6309
41.6309
41.6309
41.6309
41.6309
41.6309
41.6309
597.74
597.74
597.74
41.6309
41.6309
41.6309
41.6309
41.6309
41.6309
41.6309
41.6309
597.74
597.74
597.74
597.74
597.74
597.74
597.74
597.74
597.74
597.74
597.74
597.74
597.74
597.74
597.74
597.74
597.74
597.74
597.74
597.74
597.74
597.74
597.74
597.74
597.74
597.74
597.74
597.74
597.74
597.74
597.74
597.74
597.74
597.74
597.74
597.74
597.74
597.74
597.74
597.74
597.74
597.74
597.74
597.74
597.74
597.74
597.74
597.74
597.74
597.74
597.74
597.74
597.74
597.74
597.74
597.74
597.74
597.74
597.74
597.74
597.74
597.74
597.74
597.74
597.74
597.74
597.74
597.74
597.74
597.74
597.74
41.6309
41.6309
597.74
597.74
597.74
597.74
597.74
597.74
597.74
1078.59
41.6309
41.6309
41.6309
1078.59
597.74
597.74
597.74
597.74
597.74
597.74
597.74
597.74
41.6309
597.74
597.74
41.6309
41.6309
41.6309
597.74
597.74
1078.59
41.6309
41.6309
41.6309
597.74
597.74
597.74
597.74
597.74
597.74
597.74
597.74
597.74
597.74
597.74
597.74
597.74
597.74
597.74
597.74
41.6309
597.74
41.6309
41.6309
41.6309
41.6309
41.6309
41.6309
522.481
41.6309
41.6309
522.481
522.481
522.481
522.481
522.481
522.481
522.481
522.481
522.481
41.6309
522.481
522.481
41.6309
41.6309
41.6309
41.6309
41.6309
41.6309
597.74
597.74
41.6309
597.74
597.74
597.74
41.6309
41.6309
41.6309
41.6309
41.6309
41.6309
41.6309
41.6309
41.6309
41.6309
41.6309
41.6309
522.481
41.6309
41.6309
522.481
522.481
522.481
522.481
522.481
522.481
522.481
522.481
522.481
41.6309
41.6309
522.481
41.6309
41.6309
41.6309
41.6309
41.6309
41.6309
597.74
597.74
597.74
597.74
597.74
597.74
597.74
597.74
597.74
597.74
597.74
597.74
597.74
597.74
597.74
597.74
597.74
597.74
597.74
597.74
597.74
597.74
597.74
597.74
597.74
597.74
597.74
597.74
597.74
597.74
597.74
597.74
597.74
597.74
597.74
597.74
597.74
597.74
597.74
597.74
597.74
597.74
597.74
597.74
597.74
597.74
597.74
597.74
597.74
597.74
597.74
597.74
597.74
597.74
597.74
597.74
597.74
597.74
597.74
597.74
1078.59
1078.59
1078.59
522.481
522.481
1078.59
41.6309
522.481
41.6309
522.481
1078.59
1078.59
1078.59
1078.59
522.481
522.481
1078.59
1078.59
1078.59
1078.59
522.481
522.481
1078.59
1078.59
1078.59
1078.59
522.481
41.6309
597.74
597.74
597.74
597.74
597.74
41.6309
41.6309
41.6309
41.6309
41.6309
41.6309
41.6309
41.6309
41.6309
41.6309
41.6309
41.6309
522.481
522.481
522.481
522.481
522.481
522.481
522.481
522.481
522.481
522.481
522.481
522.481
41.6309
41.6309
41.6309
41.6309
41.6309
41.6309
597.74
597.74
597.74
597.74
597.74
597.74
597.74
597.74
597.74
597.74
597.74
597.74
597.74
597.74
597.74
597.74
597.74
597.74
597.74
597.74
597.74
597.74
597.74
597.74
597.74
41.6309
41.6309
597.74
597.74
597.74
597.74
597.74
597.74
597.74
597.74
597.74
597.74
597.74
597.74
597.74
597.74
597.74
597.74
597.74
597.74
597.74
597.74
597.74
597.74
597.74
597.74
597.74
597.74
597.74
597.74
597.74
597.74
597.74
597.74
597.74
597.74
1078.59
597.74
597.74
597.74
597.74
597.74
597.74
597.74
597.74
597.74
597.74
597.74
597.74
597.74
597.74
597.74
597.74
597.74
597.74
597.74
597.74
597.74
597.74
597.74
597.74
597.74
597.74
597.74
597.74
597.74
597.74
597.74
597.74
597.74
597.74
597.74
597.74
597.74
)
;
    }
    ZMax
    {
        type            calculated;
        value           uniform 0;
    }
    solarpanel_body_left
    {
        type            calculated;
        value           nonuniform List<scalar> 
2187
(
74.0893
59.1162
74.0893
74.0893
74.0893
74.0893
74.0893
74.0893
74.0893
74.0893
74.0893
74.0893
74.0893
74.0893
484.081
74.0893
484.081
484.081
484.081
484.081
484.081
484.081
484.081
484.081
484.081
484.081
74.0893
484.081
74.0893
74.0893
74.0893
74.0893
74.0893
74.0893
74.0893
74.0893
74.0893
74.0893
74.0893
74.0893
74.0893
74.0893
74.0893
74.0893
484.081
74.0893
484.081
484.081
484.081
484.081
484.081
484.081
484.081
484.081
484.081
484.081
74.0893
484.081
74.0893
74.0893
74.0893
74.0893
74.0893
74.0893
74.0893
74.0893
74.0893
74.0893
74.0893
74.0893
74.0893
74.0893
484.081
74.0893
484.081
484.081
484.081
484.081
484.081
484.081
469.134
484.081
469.132
484.081
74.0893
484.081
74.0893
59.1162
74.0893
59.1132
74.0893
59.121
74.0893
59.1411
59.1167
74.0893
74.0893
74.0893
74.0893
74.0893
74.0893
74.0893
74.0893
74.0893
74.0893
74.0893
74.0893
74.0893
74.0893
74.0893
74.0893
74.0893
74.0893
74.0893
74.0893
74.0893
74.0893
74.0893
74.0893
74.0893
74.0893
74.0893
74.0893
74.0893
74.0893
74.0893
74.0893
74.0893
74.0893
74.0893
74.0893
74.0893
484.081
74.0893
74.0893
74.0893
74.0893
484.081
74.0893
74.0893
484.081
484.081
484.081
484.081
484.081
484.081
484.081
484.081
484.081
484.081
484.081
484.081
484.081
484.081
484.081
484.081
484.081
484.081
484.081
484.081
484.081
484.081
484.081
484.081
484.081
484.081
484.081
74.0893
74.0893
74.0893
484.081
484.081
484.081
74.0893
74.0893
74.0893
74.0893
74.0893
74.0893
74.0893
74.0893
74.0893
74.0893
74.0893
74.0893
74.0893
74.0893
74.0893
74.0893
74.0893
74.0893
74.0893
74.0893
74.0893
74.0893
74.0893
74.0893
74.0893
74.0893
74.0893
74.0893
74.0893
74.0893
74.0893
74.0893
74.0893
74.0893
74.0893
74.0893
74.0893
74.0893
74.0893
74.0893
74.0893
74.0893
74.0893
74.0893
74.0893
74.0893
74.0893
74.0893
74.0893
484.081
74.0893
74.0893
74.0893
74.0893
484.081
74.0893
74.0893
484.081
484.081
484.081
484.081
484.081
484.081
484.081
484.081
484.081
484.081
484.081
484.081
484.081
484.081
484.081
484.081
484.081
484.081
484.081
484.081
484.081
484.081
484.081
484.081
484.081
484.081
484.081
74.0893
74.0893
74.0893
484.081
484.081
484.081
74.0893
74.0893
74.0893
74.0893
74.0893
74.0893
74.0893
74.0893
74.0893
74.0893
74.0893
74.0893
74.0893
74.0893
74.0893
74.0893
74.0893
74.0893
74.0893
74.0893
74.0893
74.0893
74.0893
74.0893
74.0893
74.0893
74.0893
74.0893
74.0893
74.0893
74.0893
74.0893
74.0893
74.0893
74.0893
74.0893
74.0893
74.0893
74.0893
74.0893
74.0893
74.0893
74.0893
74.0893
74.0893
74.0893
74.0893
74.0893
484.081
74.0893
74.0893
74.0893
74.0893
484.081
74.0893
74.0893
484.081
484.081
484.081
484.081
484.081
484.081
484.081
484.081
484.081
484.081
484.081
484.081
484.081
484.081
484.081
484.081
484.081
484.081
484.081
484.081
484.081
484.081
469.314
484.081
484.081
469.409
484.081
74.0893
74.0893
74.0893
484.081
484.081
74.0893
74.0893
74.0893
74.0893
74.0893
74.0893
59.1307
59.1151
74.0893
74.0893
74.0893
74.0893
74.0893
74.0893
74.0893
59.1158
59.1162
74.0893
74.0893
74.0893
74.0893
74.0893
74.0893
74.0893
74.0893
74.0893
74.0893
74.0893
74.0893
74.0893
74.0893
74.0893
74.0893
74.0893
74.0893
74.0893
74.0893
74.0893
74.0893
74.0893
74.0893
74.0893
74.0893
74.0893
74.0893
74.0893
74.0893
74.0893
74.0893
74.0893
74.0893
74.0893
74.0893
484.081
484.081
484.081
74.0893
74.0893
74.0893
484.081
484.081
484.081
484.081
484.081
484.081
484.081
484.081
484.081
484.081
484.081
484.081
484.081
484.081
484.081
484.081
484.081
484.081
484.081
484.081
484.081
484.081
484.081
484.081
484.081
484.081
484.081
484.081
484.081
484.081
74.0893
74.0893
74.0893
484.081
484.081
484.081
74.0893
74.0893
74.0893
74.0893
74.0893
74.0893
74.0893
74.0893
74.0893
74.0893
74.0893
74.0893
74.0893
74.0893
74.0893
74.0893
74.0893
74.0893
74.0893
74.0893
74.0893
74.0893
74.0893
74.0893
74.0893
74.0893
74.0893
74.0893
74.0893
74.0893
74.0893
74.0893
74.0893
74.0893
74.0893
74.0893
74.0893
74.0893
74.0893
74.0893
74.0893
74.0893
74.0893
74.0893
74.0893
74.0893
74.0893
74.0893
484.081
484.081
484.081
74.0893
74.0893
74.0893
484.081
484.081
484.081
484.081
484.081
484.081
484.081
484.081
484.081
484.081
484.081
484.081
484.081
484.081
484.081
484.081
484.081
484.081
484.081
484.081
484.081
484.081
484.081
484.081
484.081
484.081
484.081
484.081
484.081
484.081
74.0893
74.0893
74.0893
484.081
484.081
484.081
74.0893
74.0893
74.0893
74.0893
74.0893
74.0893
74.0893
74.0893
74.0893
74.0893
74.0893
74.0893
74.0893
74.0893
74.0893
74.0893
74.0893
74.0893
74.0893
74.0893
74.0893
74.0893
74.0893
74.0893
74.0893
74.0893
74.0893
74.0893
74.0893
74.0893
74.0893
74.0893
74.0893
74.0893
74.0893
74.0893
74.0893
74.0893
74.0893
74.0893
74.0893
74.0893
74.0893
74.0893
74.0893
484.081
484.081
484.081
74.0893
74.0893
74.0893
484.081
484.081
484.081
484.081
484.081
484.081
484.081
484.081
484.081
484.081
484.081
484.081
484.081
484.081
484.081
484.081
484.081
484.081
484.081
469.124
484.081
484.081
484.081
484.081
484.081
469.116
469.111
484.081
469.13
484.081
74.0893
74.0893
74.0893
484.081
484.081
484.081
74.0893
74.0893
74.0893
59.1162
59.1148
59.1148
74.0893
74.0893
74.0893
59.116
59.1134
59.1163
74.0893
74.0893
74.0893
59.1183
59.1167
59.1168
74.0893
74.0893
59.1162
59.1124
59.0888
59.113
59.1165
59.1144
59.1157
74.0893
74.0893
74.0893
74.0893
74.0893
74.0893
74.0893
74.0893
74.0893
74.0893
74.0893
74.0893
74.0893
74.0893
74.0893
74.0893
74.0893
74.0893
74.0893
74.0893
74.0893
74.0893
74.0893
74.0893
74.0893
74.0893
74.0893
74.0893
74.0893
74.0893
74.0893
74.0893
74.0893
74.0893
74.0893
74.0893
74.0893
74.0893
74.0893
74.0893
74.0893
74.0893
74.0893
74.0893
74.0893
74.0893
74.0893
74.0893
74.0893
74.0893
74.0893
74.0893
74.0893
74.0893
74.0893
74.0893
74.0893
74.0893
74.0893
74.0893
74.0893
74.0893
74.0893
74.0893
74.0893
74.0893
74.0893
74.0893
74.0893
74.0893
74.0893
74.0893
74.0893
74.0893
74.0893
74.0893
74.0893
74.0893
74.0893
74.0893
74.0893
74.0893
74.0893
74.0893
74.0893
74.0893
74.0893
74.0893
74.0893
74.0893
74.0893
74.0893
74.0893
74.0893
74.0893
74.0893
74.0893
74.0893
74.0893
74.0893
74.0893
74.0893
74.0893
74.0893
74.0893
74.0893
74.0893
74.0893
74.0893
74.0893
74.0893
484.081
484.081
484.081
74.0893
74.0893
74.0893
74.0893
74.0893
74.0893
74.0893
74.0893
74.0893
74.0893
74.0893
74.0893
484.081
484.081
484.081
74.0893
74.0893
74.0893
74.0893
74.0893
74.0893
484.081
484.081
484.081
484.081
484.081
484.081
484.081
484.081
484.081
484.081
484.081
484.081
484.081
484.081
484.081
484.081
484.081
484.081
484.081
484.081
484.081
484.081
484.081
484.081
484.081
484.081
484.081
484.081
484.081
484.081
484.081
484.081
484.081
484.081
484.081
484.081
484.081
484.081
484.081
484.081
484.081
484.081
484.081
484.081
484.081
484.081
484.081
484.081
484.081
484.081
484.081
484.081
484.081
484.081
484.081
484.081
484.081
484.081
484.081
484.081
484.081
484.081
484.081
484.081
484.081
484.081
484.081
484.081
484.081
484.081
484.081
484.081
484.081
484.081
484.081
484.081
484.081
484.081
484.081
484.081
484.081
74.0893
74.0893
74.0893
74.0893
74.0893
74.0893
74.0893
74.0893
74.0893
484.081
484.081
484.081
484.081
484.081
484.081
484.081
484.081
484.081
74.0893
74.0893
74.0893
74.0893
74.0893
74.0893
74.0893
74.0893
74.0893
74.0893
74.0893
74.0893
74.0893
74.0893
74.0893
74.0893
74.0893
74.0893
74.0893
74.0893
74.0893
74.0893
74.0893
74.0893
74.0893
74.0893
74.0893
74.0893
74.0893
74.0893
74.0893
74.0893
74.0893
74.0893
74.0893
74.0893
74.0893
74.0893
74.0893
74.0893
74.0893
74.0893
74.0893
74.0893
74.0893
74.0893
74.0893
74.0893
74.0893
74.0893
74.0893
74.0893
74.0893
74.0893
74.0893
74.0893
74.0893
74.0893
74.0893
74.0893
74.0893
74.0893
74.0893
74.0893
74.0893
74.0893
74.0893
74.0893
74.0893
74.0893
74.0893
74.0893
74.0893
74.0893
74.0893
74.0893
74.0893
74.0893
74.0893
74.0893
74.0893
74.0893
74.0893
74.0893
74.0893
74.0893
74.0893
74.0893
74.0893
74.0893
74.0893
74.0893
74.0893
74.0893
74.0893
74.0893
74.0893
74.0893
74.0893
74.0893
74.0893
74.0893
74.0893
74.0893
74.0893
74.0893
74.0893
74.0893
74.0893
74.0893
74.0893
74.0893
74.0893
74.0893
74.0893
74.0893
74.0893
74.0893
74.0893
74.0893
74.0893
74.0893
74.0893
74.0893
74.0893
74.0893
74.0893
74.0893
74.0893
74.0893
74.0893
74.0893
74.0893
74.0893
74.0893
74.0893
74.0893
74.0893
74.0893
74.0893
74.0893
74.0893
74.0893
74.0893
74.0893
74.0893
74.0893
484.081
484.081
484.081
74.0893
74.0893
74.0893
74.0893
74.0893
74.0893
74.0893
74.0893
74.0893
74.0893
74.0893
74.0893
484.081
484.081
484.081
74.0893
74.0893
74.0893
74.0893
74.0893
74.0893
484.081
484.081
484.081
484.081
484.081
484.081
484.081
484.081
484.081
484.081
484.081
484.081
484.081
484.081
484.081
484.081
484.081
484.081
484.081
484.081
484.081
484.081
484.081
484.081
484.081
484.081
484.081
484.081
484.081
484.081
484.081
484.081
484.081
484.081
484.081
484.081
484.081
484.081
484.081
484.081
484.081
484.081
484.081
484.081
484.081
484.081
484.081
484.081
484.081
484.081
484.081
484.081
484.081
484.081
484.081
484.081
484.081
484.081
484.081
484.081
484.081
484.081
484.081
484.081
484.081
484.081
484.081
484.081
484.081
484.081
484.081
484.081
484.081
484.081
484.081
484.081
484.081
484.081
484.081
484.081
484.081
74.0893
74.0893
74.0893
74.0893
74.0893
74.0893
74.0893
74.0893
74.0893
484.081
484.081
484.081
484.081
484.081
484.081
484.081
484.081
484.081
74.0893
74.0893
74.0893
74.0893
74.0893
74.0893
74.0893
74.0893
74.0893
74.0893
74.0893
74.0893
74.0893
74.0893
74.0893
74.0893
74.0893
74.0893
74.0893
74.0893
74.0893
74.0893
74.0893
74.0893
74.0893
74.0893
74.0893
74.0893
74.0893
74.0893
74.0893
74.0893
74.0893
74.0893
74.0893
74.0893
74.0893
74.0893
74.0893
74.0893
74.0893
74.0893
74.0893
74.0893
74.0893
74.0893
74.0893
74.0893
74.0893
74.0893
74.0893
74.0893
74.0893
74.0893
74.0893
74.0893
74.0893
74.0893
74.0893
74.0893
74.0893
74.0893
74.0893
74.0893
74.0893
74.0893
74.0893
74.0893
74.0893
74.0893
74.0893
74.0893
74.0893
74.0893
74.0893
74.0893
74.0893
74.0893
74.0893
74.0893
74.0893
74.0893
74.0893
74.0893
74.0893
74.0893
74.0893
74.0893
74.0893
74.0893
74.0893
74.0893
74.0893
74.0893
74.0893
74.0893
74.0893
74.0893
74.0893
74.0893
74.0893
74.0893
74.0893
74.0893
74.0893
74.0893
74.0893
74.0893
74.0893
74.0893
74.0893
74.0893
74.0893
74.0893
74.0893
74.0893
74.0893
74.0893
74.0893
74.0893
74.0893
74.0893
74.0893
74.0893
74.0893
74.0893
74.0893
74.0893
74.0893
74.0893
74.0893
74.0893
74.0893
74.0893
74.0893
74.0893
74.0893
74.0893
74.0893
74.0893
74.0893
74.0893
74.0893
74.0893
74.0893
74.0893
484.081
484.081
484.081
74.0893
74.0893
74.0893
74.0893
74.0893
74.0893
74.0893
74.0893
74.0893
74.0893
74.0893
74.0893
484.081
484.081
484.081
74.0893
74.0893
74.0893
74.0893
74.0893
74.0893
484.081
484.081
484.081
484.081
484.081
484.081
484.081
484.081
484.081
484.081
484.081
484.081
484.081
484.081
484.081
484.081
484.081
484.081
484.081
484.081
484.081
484.081
484.081
484.081
484.081
484.081
484.081
484.081
484.081
484.081
484.081
484.081
484.081
484.081
484.081
484.081
484.081
484.081
484.081
484.081
484.081
484.081
484.081
484.081
484.081
484.081
484.081
484.081
469.111
484.081
484.081
484.081
484.081
484.081
484.081
484.081
484.081
484.081
484.081
484.081
484.081
484.081
484.081
484.081
484.081
484.081
469.16
469.137
469.124
484.081
484.081
484.081
484.081
484.081
484.081
469.288
469.145
469.129
484.081
484.081
484.081
74.0893
74.0893
74.0893
74.0893
74.0893
74.0893
74.0893
74.0893
74.0893
484.081
484.081
484.081
484.081
484.081
484.081
484.081
484.081
484.081
74.0893
74.0893
74.0893
74.0893
74.0893
74.0893
74.0893
74.0893
74.0893
74.0893
74.0893
74.0893
74.0893
74.0893
74.0893
59.1162
59.1155
59.1029
59.1103
59.1037
59.1157
59.0966
59.1112
74.0893
74.0893
74.0893
74.0893
74.0893
74.0893
74.0893
74.0893
74.0893
74.0893
74.0893
74.0893
74.0893
74.0893
484.081
484.081
484.081
484.081
74.0893
74.0893
74.0893
74.0893
74.0893
74.0893
74.0893
484.081
484.081
484.081
484.081
74.0893
74.0893
74.0893
74.0893
74.0893
74.0893
74.0893
484.081
484.081
484.081
484.081
74.0893
74.0893
74.0893
74.0893
74.0893
469.157
484.081
469.218
74.0893
59.1165
74.0893
74.0893
74.0893
469.141
484.081
469.284
484.081
59.0964
59.1215
74.0893
74.0893
74.0893
74.0893
74.0893
74.0893
74.0893
74.0893
74.0893
74.0893
74.0893
74.0893
74.0893
74.0893
74.0893
484.081
484.081
484.081
484.081
484.081
484.081
484.081
484.081
484.081
484.081
484.081
484.081
74.0893
74.0893
74.0893
74.0893
74.0893
74.0893
74.0893
74.0893
74.0893
74.0893
74.0893
74.0893
74.0893
74.0893
74.0893
74.0893
74.0893
74.0893
74.0893
74.0893
484.081
484.081
484.081
484.081
484.081
484.081
484.081
484.081
484.081
484.081
484.081
484.081
74.0893
74.0893
74.0893
74.0893
74.0893
74.0893
74.0893
74.0893
74.0893
74.0893
74.0893
74.0893
74.0893
74.0893
74.0893
74.0893
74.0893
74.0893
484.081
484.081
484.081
484.081
484.081
484.081
484.081
484.081
484.081
484.081
484.081
484.081
74.0893
74.0893
74.0893
74.0893
59.1081
74.0893
74.0893
74.0893
59.1162
74.0893
59.1231
74.0893
74.0893
74.0893
74.0893
484.081
484.081
469.845
59.1302
59.1169
74.0893
74.0893
59.1181
59.1165
59.1277
59.1165
74.0893
74.0893
74.0893
74.0893
74.0893
59.0999
74.0893
59.1341
59.1254
74.0893
74.0893
74.0893
74.0893
59.1168
59.1197
74.0893
468.41
74.0893
484.081
469.111
468.897
74.0893
74.0893
74.0893
74.0893
74.0893
74.0893
74.0893
74.0893
74.0893
74.0893
74.0893
74.0893
74.0893
74.0893
74.0893
484.081
484.081
484.081
484.081
484.081
484.081
484.081
484.081
484.081
484.081
484.081
484.081
74.0893
74.0893
74.0893
74.0893
74.0893
74.0893
74.0893
74.0893
74.0893
74.0893
74.0893
74.0893
74.0893
74.0893
74.0893
74.0893
74.0893
74.0893
74.0893
74.0893
74.0893
484.081
484.081
484.081
484.081
484.081
484.081
484.081
484.081
484.081
484.081
484.081
484.081
74.0893
74.0893
74.0893
74.0893
74.0893
74.0893
74.0893
74.0893
74.0893
74.0893
74.0893
74.0893
74.0893
74.0893
74.0893
74.0893
74.0893
74.0893
74.0893
484.081
484.081
484.081
484.081
484.081
484.081
484.081
484.081
484.081
484.081
484.081
484.081
74.0893
74.0893
74.0893
74.0893
74.0893
74.0893
74.0893
74.0893
74.0893
74.0893
59.1155
59.1163
74.0893
74.0893
74.0893
469.141
469.43
469.322
484.081
484.081
484.081
469.146
469.046
468.985
74.0893
74.0893
74.0893
59.1165
59.1165
59.1165
74.0893
74.0893
59.1168
74.0893
74.0893
74.0893
74.0893
59.1162
59.1162
469.125
469.318
469.167
484.081
484.081
484.081
469.227
468.982
469.447
469.099
59.0966
59.1339
59.1237
59.1189
74.0893
74.0893
74.0893
74.0893
74.0893
74.0893
74.0893
74.0893
74.0893
74.0893
74.0893
74.0893
74.0893
74.0893
74.0893
74.0893
74.0893
74.0893
74.0893
74.0893
74.0893
74.0893
74.0893
74.0893
74.0893
74.0893
74.0893
74.0893
74.0893
74.0893
74.0893
74.0893
74.0893
74.0893
74.0893
74.0893
74.0893
74.0893
74.0893
74.0893
74.0893
74.0893
74.0893
74.0893
74.0893
484.081
484.081
484.081
484.081
484.081
484.081
484.081
484.081
484.081
484.081
484.081
484.081
484.081
484.081
484.081
484.081
484.081
484.081
484.081
484.081
484.081
484.081
484.081
484.081
484.081
484.081
484.081
484.081
484.081
484.081
484.081
484.081
484.081
484.081
484.081
484.081
74.0893
74.0893
74.0893
74.0893
74.0893
74.0893
74.0893
74.0893
74.0893
74.0893
74.0893
74.0893
74.0893
74.0893
74.0893
74.0893
74.0893
74.0893
74.0893
74.0893
74.0893
74.0893
74.0893
74.0893
74.0893
74.0893
74.0893
74.0893
74.0893
74.0893
74.0893
74.0893
74.0893
74.0893
74.0893
74.0893
74.0893
74.0893
74.0893
74.0893
74.0893
74.0893
74.0893
74.0893
74.0893
74.0893
74.0893
74.0893
74.0893
74.0893
74.0893
74.0893
74.0893
74.0893
74.0893
74.0893
74.0893
74.0893
74.0893
74.0893
74.0893
74.0893
74.0893
484.081
484.081
484.081
484.081
484.081
484.081
484.081
484.081
484.081
484.081
484.081
484.081
484.081
484.081
484.081
484.081
484.081
484.081
484.081
484.081
484.081
484.081
484.081
484.081
484.081
484.081
484.081
484.081
484.081
484.081
484.081
484.081
484.081
484.081
484.081
484.081
74.0893
74.0893
74.0893
74.0893
74.0893
74.0893
74.0893
74.0893
74.0893
74.0893
74.0893
74.0893
74.0893
74.0893
74.0893
74.0893
74.0893
74.0893
74.0893
74.0893
74.0893
74.0893
74.0893
74.0893
74.0893
74.0893
74.0893
74.0893
74.0893
74.0893
74.0893
74.0893
74.0893
74.0893
74.0893
74.0893
74.0893
74.0893
74.0893
74.0893
74.0893
74.0893
74.0893
74.0893
74.0893
74.0893
74.0893
74.0893
74.0893
74.0893
74.0893
74.0893
74.0893
74.0893
484.081
484.081
484.081
484.081
484.081
484.081
484.081
484.081
484.081
484.081
484.081
484.081
484.081
484.081
484.081
484.081
484.081
484.081
484.081
484.081
484.081
484.081
484.081
484.081
484.081
484.081
484.081
484.081
484.081
484.081
484.081
484.081
484.081
484.081
484.081
484.081
74.0893
74.0893
74.0893
74.0893
74.0893
74.0893
74.0893
74.0893
74.0893
74.0893
74.0893
74.0893
74.0893
59.1153
59.1153
59.1163
74.0893
59.1162
74.0893
74.0893
74.0893
74.0893
74.0893
74.0893
74.0893
74.0893
74.0893
74.0893
74.0893
74.0893
74.0893
59.1103
59.1174
59.1158
74.0893
74.0893
74.0893
74.0893
74.0893
74.0893
74.0893
74.0893
74.0893
74.0893
74.0893
74.0893
469.118
484.081
469.136
468.835
469.035
484.081
469.102
484.081
484.081
484.081
484.081
484.081
484.081
484.081
469.383
467.638
467.75
59.0938
59.1152
74.0893
74.0893
74.0893
74.0893
74.0893
59.1167
59.122
59.1202
59.1165
59.1161
59.1158
59.106
59.1337
59.1039
59.1167
59.1172
59.118
74.0893
59.1168
59.1178
59.1181
74.0893
74.0893
74.0893
74.0893
74.0893
74.0893
59.1143
59.1025
59.1145
74.0893
59.1118
59.1157
59.1322
59.0076
59.1264
59.1179
59.1167
74.0893
74.0893
74.0893
74.0893
59.1624
59.1547
59.1162
74.0893
59.116
469.381
468.164
469.234
74.0893
59.1186
59.1156
484.081
484.081
484.081
484.081
484.081
484.081
484.081
469.136
469.108
469.24
468.348
469.07
468.367
469.049
)
;
    }
    solarpanel_body_right
    {
        type            calculated;
        value           nonuniform List<scalar> 
2169
(
427.774
427.774
427.774
427.774
429.874
427.774
427.774
429.859
427.774
427.774
427.774
427.774
427.774
427.774
427.774
427.774
427.774
427.774
427.774
427.774
427.774
427.774
427.774
427.774
427.774
427.774
427.774
427.774
427.774
427.774
427.774
427.774
427.774
427.774
427.774
427.774
427.774
427.774
427.774
427.774
427.774
427.774
427.774
427.774
427.774
427.774
427.774
427.774
427.774
427.774
427.774
427.774
427.774
427.774
427.774
427.774
427.774
427.774
427.774
427.774
427.774
427.774
427.774
427.774
427.774
427.774
427.774
427.774
427.774
427.774
427.774
427.774
427.774
427.774
427.774
427.774
427.774
427.774
427.774
427.774
427.774
427.774
427.774
427.774
427.774
427.774
427.774
427.774
427.774
427.774
427.774
427.774
427.774
427.774
427.774
427.774
427.774
427.774
427.774
427.774
427.774
427.774
427.774
427.774
427.774
427.774
427.774
427.774
427.774
427.774
427.774
427.774
427.774
427.774
427.774
427.774
427.774
427.774
427.774
427.774
427.774
427.774
427.774
427.774
427.774
427.774
427.774
427.774
427.774
427.774
427.774
427.774
427.774
427.774
427.774
427.774
427.774
427.774
427.774
427.774
427.774
427.774
427.774
427.774
427.774
427.774
427.774
427.774
427.774
427.774
427.774
427.774
427.774
427.774
427.774
427.774
427.774
427.774
427.774
427.774
427.774
427.774
427.774
427.774
427.774
427.774
427.774
427.774
427.774
427.774
427.774
427.774
427.774
427.774
427.774
429.962
427.774
429.874
429.867
429.832
429.824
429.9
429.828
427.774
427.774
427.774
427.774
427.774
427.774
427.774
427.774
427.774
427.774
427.774
427.774
427.774
427.774
427.774
427.774
427.774
427.774
427.774
427.774
427.774
427.774
427.774
427.774
427.774
427.774
427.774
427.774
427.774
427.774
427.774
427.774
427.774
427.774
427.774
427.774
427.774
427.774
427.774
427.774
427.774
427.774
427.774
427.774
427.774
427.774
427.774
427.774
427.774
427.774
427.774
427.774
427.774
427.774
427.774
427.774
427.774
427.774
427.774
427.774
427.774
427.774
427.774
427.774
427.774
427.774
427.774
427.774
427.774
427.774
427.774
427.774
427.774
427.774
427.774
427.774
427.774
427.774
427.774
427.774
427.774
427.774
427.774
427.774
427.774
427.774
427.774
427.774
427.774
427.774
427.774
427.774
427.774
427.774
427.774
427.774
427.774
427.774
427.774
427.774
427.774
427.774
427.774
427.774
427.774
427.774
427.774
427.774
427.774
427.774
427.774
427.774
427.774
427.774
427.774
427.774
427.774
427.774
427.774
427.774
427.774
427.774
427.774
427.774
427.774
427.774
427.774
427.774
427.774
427.774
427.774
427.774
427.774
427.774
427.774
427.774
427.774
427.774
427.774
427.774
427.774
427.774
427.774
427.774
427.774
427.774
427.774
427.774
427.774
427.774
427.774
427.774
427.774
427.774
427.774
427.774
427.774
427.774
427.774
429.86
429.861
427.774
427.774
427.774
427.774
427.774
427.774
427.774
427.774
427.774
427.774
427.774
427.774
427.774
427.774
427.774
427.774
427.774
427.774
427.774
427.774
427.774
427.774
427.774
427.774
427.774
427.774
427.774
427.774
427.774
427.774
427.774
427.774
427.774
427.774
427.774
427.774
427.774
427.774
427.774
427.774
427.774
427.774
427.774
427.774
427.774
427.774
427.774
427.774
427.774
427.774
427.774
427.774
427.774
427.774
427.774
427.774
427.774
427.774
427.774
427.774
427.774
427.774
427.774
427.774
427.774
427.774
427.774
427.774
427.774
427.774
427.774
427.774
427.774
427.774
427.774
427.774
427.774
427.774
427.774
427.774
427.774
427.774
427.774
427.774
427.774
427.774
427.774
427.774
427.774
427.774
427.774
427.774
427.774
427.774
427.774
427.774
427.774
427.774
427.774
427.774
427.774
427.774
427.774
427.774
427.774
427.774
427.774
427.774
427.774
429.882
427.774
429.897
427.774
427.774
427.774
427.774
427.774
427.774
427.774
427.774
429.863
429.875
427.774
429.899
429.991
429.846
430.047
430.027
427.774
427.774
427.774
427.774
427.774
427.774
427.774
427.774
429.867
430.052
429.879
429.858
427.774
427.774
427.774
427.774
427.774
427.774
427.774
427.774
427.774
427.774
427.774
427.774
427.774
427.774
427.774
427.774
427.774
427.774
427.774
427.774
429.894
427.774
427.774
429.867
427.774
427.774
427.774
427.774
427.774
427.774
427.774
427.774
427.774
427.774
427.774
427.774
430.068
429.867
429.882
429.886
427.774
427.774
427.774
427.774
427.774
427.774
427.774
427.774
427.774
427.774
427.774
427.774
429.762
429.92
430.186
429.865
429.144
429.848
429.975
429.844
429.911
429.777
429.87
429.852
430.006
429.778
429.867
427.774
427.774
427.774
427.774
429.867
427.774
427.774
427.774
430.048
430.078
429.575
429.732
427.774
427.774
427.774
427.774
427.774
427.774
427.774
427.774
427.774
427.774
427.774
427.774
427.774
427.774
427.774
427.774
427.774
427.774
427.774
427.774
427.774
427.774
427.774
427.774
427.774
427.774
427.774
427.774
427.774
427.774
427.774
427.774
427.774
427.774
427.774
427.774
427.774
427.774
427.774
427.774
427.774
427.774
427.774
427.774
427.774
427.774
427.774
427.774
427.774
427.774
427.774
427.774
427.774
427.774
427.774
427.774
427.774
427.774
427.774
427.774
427.774
427.774
427.774
427.774
427.774
427.774
427.774
427.774
427.774
427.774
427.774
427.774
427.774
427.774
427.774
427.774
427.774
427.774
427.774
427.774
427.774
427.774
427.774
427.774
427.774
427.774
427.774
427.774
427.774
427.774
427.774
427.774
427.774
427.774
427.774
427.774
427.774
427.774
427.774
427.774
427.774
427.774
427.774
427.774
427.774
427.774
427.774
427.774
427.774
427.774
427.774
427.774
427.774
427.774
427.774
427.774
427.774
427.774
427.774
427.774
427.774
427.774
427.774
427.774
427.774
427.774
427.774
427.774
427.774
427.774
427.774
427.774
427.774
427.774
427.774
427.774
427.774
427.774
427.774
427.774
427.774
427.774
427.774
427.774
427.774
427.774
427.774
427.774
427.774
427.774
427.774
427.774
427.774
427.774
427.774
427.774
427.774
427.774
427.774
427.774
427.774
427.774
427.774
427.774
427.774
427.774
427.774
427.774
427.774
427.774
427.774
427.774
427.774
427.774
427.774
427.774
427.774
427.774
427.774
427.774
427.774
427.774
427.774
427.774
427.774
427.774
427.774
427.774
427.774
427.774
427.774
427.774
427.774
427.774
427.774
427.774
427.774
427.774
427.774
427.774
427.774
427.774
427.774
427.774
427.774
427.774
427.774
427.774
427.774
427.774
427.774
427.774
427.774
427.774
427.774
427.774
427.774
427.774
427.774
427.774
427.774
427.774
427.774
427.774
427.774
427.774
427.774
427.774
427.774
427.774
427.774
427.774
427.774
427.774
427.774
427.774
427.774
427.774
427.774
427.774
427.774
427.774
427.774
427.774
427.774
427.774
427.774
427.774
427.774
427.774
427.774
427.774
427.774
427.774
427.774
427.774
427.774
427.774
427.774
427.774
427.774
427.774
427.774
427.774
427.774
427.774
427.774
427.774
427.774
427.774
427.774
427.774
427.774
427.774
427.774
427.774
427.774
427.774
427.774
427.774
427.774
427.774
427.774
427.774
427.774
427.774
427.774
427.774
427.774
427.774
427.774
427.774
427.774
427.774
427.774
427.774
427.774
427.774
427.774
427.774
427.774
427.774
427.774
427.774
427.774
427.774
427.774
427.774
427.774
427.774
427.774
427.774
427.774
427.774
427.774
427.774
427.774
427.774
427.774
427.774
427.774
427.918
427.774
427.774
427.774
427.774
427.774
427.774
427.774
427.774
427.774
427.774
430.559
429.788
429.857
430.278
430.029
429.859
429.761
429.874
429.935
429.852
429.829
429.878
427.774
427.774
427.774
427.774
427.774
427.774
427.774
427.774
427.774
427.774
427.774
427.774
427.774
427.774
427.774
427.774
427.774
427.774
427.774
427.774
427.774
427.774
427.774
427.774
427.774
427.774
427.774
427.774
427.774
427.774
427.774
427.774
427.774
427.774
427.774
427.774
427.774
427.774
427.774
427.774
427.774
427.774
427.774
427.774
427.774
427.774
427.774
427.774
427.774
427.774
427.774
427.774
427.774
427.774
427.774
427.774
427.774
427.774
427.774
427.774
427.774
427.774
427.774
427.774
427.774
427.774
427.774
427.774
427.774
427.774
427.774
427.774
427.774
427.774
427.774
427.774
427.774
427.774
427.774
427.774
427.774
427.774
427.774
427.774
427.774
427.774
427.774
427.774
427.774
427.774
427.774
427.774
427.774
427.774
427.774
427.774
427.774
427.774
427.774
427.774
427.774
427.774
427.774
427.774
427.774
427.774
427.774
427.774
427.774
427.774
427.774
427.774
427.774
427.774
427.774
427.774
427.774
427.774
427.774
427.774
427.774
427.774
427.774
427.774
427.774
427.774
427.774
427.774
427.774
427.774
427.774
427.774
427.774
427.774
427.774
427.774
427.774
427.774
427.774
427.774
427.774
427.774
427.774
427.774
427.774
427.774
427.774
427.774
427.774
427.774
427.774
427.774
427.774
427.774
427.774
427.774
427.774
427.774
427.774
427.774
427.774
427.774
427.774
427.774
427.774
427.774
427.774
427.774
427.774
427.774
427.774
427.774
427.774
427.774
427.774
427.774
427.774
427.774
427.774
427.774
427.774
427.774
427.774
427.774
427.774
427.774
427.774
427.774
427.774
427.774
427.774
427.774
427.774
427.774
427.774
427.774
427.774
427.774
427.774
427.774
427.774
427.774
427.774
427.774
427.774
427.774
427.774
427.774
427.774
427.774
427.774
427.774
427.774
427.774
427.774
427.774
427.774
427.774
427.774
427.774
427.774
427.774
427.774
427.774
427.774
427.774
427.774
427.774
427.774
427.774
427.774
427.774
427.774
427.774
427.774
427.774
427.774
427.774
427.774
427.774
427.774
427.774
427.774
427.774
427.774
427.774
427.774
427.774
427.774
427.774
427.774
427.774
427.774
427.774
427.774
427.774
427.774
427.774
427.774
427.774
427.774
427.774
427.774
427.774
427.774
427.774
427.774
427.774
427.774
427.774
427.774
427.774
427.774
427.774
427.774
427.774
427.774
427.774
427.774
427.774
427.774
427.774
427.774
427.774
427.774
427.774
427.774
427.774
427.774
427.774
427.774
427.774
427.774
427.774
427.774
427.774
427.774
427.774
427.774
427.774
427.774
427.774
427.774
427.774
427.774
427.774
427.774
427.774
427.774
427.774
427.774
427.774
427.774
427.774
427.774
427.774
427.774
427.774
427.774
427.774
427.774
427.774
427.774
427.774
427.774
427.774
427.774
427.774
427.774
427.774
427.774
427.774
427.774
427.774
427.774
427.774
427.774
427.774
427.774
427.774
427.774
427.774
427.774
427.774
427.774
427.774
427.774
427.774
427.774
427.774
427.774
427.774
427.774
427.774
427.774
427.774
427.774
427.774
427.774
427.774
427.774
427.774
427.774
427.774
427.774
427.774
427.774
427.774
427.774
427.774
427.774
427.774
427.774
427.774
427.774
427.774
427.774
427.774
427.774
427.774
427.774
427.774
427.774
427.774
427.774
427.774
427.774
427.774
427.774
427.774
427.774
427.774
427.774
427.774
427.774
427.774
427.774
427.774
427.774
427.774
427.774
427.774
427.774
427.774
427.774
427.774
427.774
427.774
427.774
427.774
427.774
427.774
427.774
427.774
427.774
427.774
427.774
427.774
427.774
427.774
427.774
427.774
427.774
427.774
427.774
427.774
427.774
427.774
427.774
427.774
427.774
427.774
427.774
427.774
427.774
427.774
427.774
427.774
427.774
427.774
427.774
427.774
427.774
427.774
427.774
427.774
427.774
427.774
427.774
427.774
427.774
427.774
427.774
427.774
427.774
427.774
427.774
427.774
427.774
427.774
427.774
427.774
427.774
427.774
427.774
427.774
427.774
427.774
427.774
427.774
427.774
427.774
427.774
427.774
427.774
427.774
427.774
427.774
427.774
427.774
427.774
427.774
427.774
427.774
427.774
427.774
427.774
427.774
427.774
427.774
427.774
427.774
427.774
427.774
427.774
427.774
427.774
427.774
427.774
427.774
427.774
427.774
427.774
427.774
427.774
427.774
427.774
427.774
427.774
427.774
427.774
427.774
427.774
427.774
427.774
427.774
427.774
427.774
427.774
427.774
427.774
427.774
427.774
427.774
427.774
427.774
427.774
427.774
427.774
427.774
427.774
427.774
427.774
427.774
427.774
427.774
427.774
427.774
427.774
427.774
427.774
429.864
427.774
429.89
427.774
427.774
427.774
427.774
427.774
427.774
427.774
427.774
427.774
427.774
427.774
427.774
427.774
427.774
427.774
427.774
427.774
427.774
427.774
427.774
429.89
430.122
429.894
430.036
429.874
427.774
427.774
429.882
429.899
429.867
429.874
429.89
427.774
427.774
427.774
427.774
427.774
427.774
427.774
427.774
427.774
427.774
427.774
427.774
427.774
427.774
427.774
427.774
427.774
427.774
429.867
427.774
427.774
427.774
427.774
427.774
427.774
427.774
427.774
427.774
427.774
427.774
427.774
427.774
427.774
427.774
427.774
427.774
427.774
427.774
427.774
427.774
427.774
427.774
427.774
427.774
427.774
481.022
427.774
427.774
427.774
427.774
427.774
427.774
427.774
427.774
427.774
427.774
427.774
427.774
427.774
427.774
427.774
427.774
427.774
427.774
427.774
427.774
427.774
427.774
427.774
427.774
427.774
427.774
427.774
427.774
429.89
427.774
427.774
429.864
430.102
429.837
429.787
429.901
427.774
427.774
427.774
427.774
427.774
429.854
429.867
427.774
427.774
427.774
427.774
427.774
427.774
427.774
427.774
427.774
427.774
427.774
427.774
429.86
427.774
427.774
427.774
427.774
429.97
429.86
429.875
429.88
429.792
429.849
427.774
427.774
427.774
427.774
427.774
427.774
427.774
427.774
427.774
427.774
427.774
427.774
427.774
429.864
427.774
429.855
430.318
429.919
430.107
430.061
430.029
429.836
430.229
430.043
429.543
429.861
429.834
427.774
429.848
429.844
427.774
429.888
430.636
429.653
429.957
429.84
429.868
430.547
427.774
427.774
427.774
427.774
427.774
427.774
427.774
427.774
427.774
427.774
427.774
427.774
427.774
427.774
427.774
427.774
427.774
427.774
427.774
427.774
427.774
427.774
427.774
427.774
427.774
427.774
427.774
427.774
427.774
427.774
427.774
427.774
427.774
427.774
427.774
427.774
427.774
427.774
427.774
427.774
427.774
427.774
427.774
427.774
427.774
427.774
427.774
427.774
427.774
427.774
427.774
427.774
427.774
427.774
427.774
427.774
427.774
427.774
427.774
427.774
427.774
427.774
427.774
427.774
427.774
427.774
427.774
427.774
427.774
427.774
427.774
427.774
427.774
427.774
427.774
427.774
427.774
427.774
427.774
427.774
427.774
427.774
427.774
427.774
427.774
427.774
427.774
427.774
427.774
427.774
427.774
427.774
427.774
427.774
427.774
427.774
427.774
427.774
427.774
427.774
427.774
427.774
427.774
427.774
427.774
427.774
427.774
427.774
427.774
427.774
427.774
427.774
427.774
427.774
427.774
427.774
427.774
427.774
427.774
427.774
427.774
427.774
427.774
427.774
427.774
427.774
427.774
427.774
427.774
427.774
427.774
427.774
427.774
427.774
427.774
427.774
427.774
427.774
427.774
427.774
427.774
427.774
427.774
427.774
427.774
427.774
427.774
427.774
427.774
427.774
427.774
427.774
427.774
427.774
427.774
427.774
427.774
427.774
427.774
427.774
427.774
427.774
427.774
429.527
429.402
429.798
429.946
429.814
429.967
427.774
427.774
427.774
427.774
427.774
427.774
427.774
427.774
427.774
427.774
427.774
427.774
427.774
427.774
427.774
427.774
427.774
427.774
427.774
427.774
427.774
427.774
427.774
427.774
427.774
427.774
427.774
427.774
427.774
427.774
427.774
427.774
427.774
427.774
427.774
427.774
427.774
427.774
427.774
427.774
427.774
427.774
427.774
427.774
427.774
427.774
427.774
427.774
427.774
427.774
427.774
427.774
427.774
427.774
427.774
427.774
427.774
427.774
427.774
427.774
427.774
427.774
427.774
427.774
427.774
427.774
427.774
427.774
427.774
427.774
427.774
427.774
427.774
427.774
427.774
427.774
427.774
427.774
427.774
427.774
427.774
427.774
427.774
427.774
427.774
427.774
427.774
427.774
427.774
427.774
427.774
427.774
427.774
427.774
427.774
427.774
427.774
427.774
427.774
427.774
427.774
427.774
427.774
427.774
427.774
427.774
427.774
427.774
427.774
427.774
427.774
427.774
427.774
427.774
427.774
427.774
427.774
427.774
427.774
427.774
427.774
427.774
427.774
427.774
427.774
427.774
427.774
427.774
427.774
427.774
427.774
427.774
427.774
427.774
427.774
427.774
427.774
427.774
427.774
427.774
427.774
427.774
427.774
427.774
427.774
427.774
427.774
427.774
427.774
427.774
427.774
427.774
427.774
427.774
427.774
427.774
427.774
427.774
427.774
427.774
427.774
427.774
427.774
427.774
427.774
427.774
427.774
427.774
427.774
427.774
427.774
427.774
427.774
427.774
427.774
427.774
427.774
427.774
427.774
427.774
427.774
427.774
427.774
427.774
427.774
427.774
427.774
427.774
427.774
427.774
427.774
427.774
427.774
427.774
427.774
427.774
427.774
427.774
427.774
427.774
427.774
427.774
427.774
427.774
427.774
427.774
427.774
427.774
427.774
427.774
427.774
427.774
427.774
427.774
427.774
427.774
427.774
427.774
427.774
427.774
427.774
427.774
427.774
427.774
427.774
427.774
427.774
427.774
427.774
427.774
427.774
427.774
427.774
427.774
427.774
427.774
427.774
427.774
427.774
427.774
427.774
427.774
427.774
427.774
427.774
427.774
427.774
427.774
427.774
427.774
427.774
427.774
427.774
427.774
427.774
427.774
427.774
427.774
427.774
427.774
427.774
427.774
427.774
427.774
427.774
427.774
427.774
427.774
427.774
427.774
427.774
427.774
427.774
427.774
427.774
427.774
427.774
427.774
427.774
427.774
427.774
427.774
427.774
427.774
429.86
427.774
427.774
427.774
427.774
427.774
427.774
427.774
427.774
427.774
427.774
427.774
427.774
427.774
427.774
427.774
427.774
427.774
427.774
427.774
427.774
427.774
427.774
427.774
427.774
427.774
427.774
427.774
427.774
455.074
427.774
427.774
427.774
427.774
427.774
427.774
427.774
427.774
427.774
427.774
427.774
427.774
427.774
429.853
429.86
427.774
429.987
429.881
429.875
429.833
429.826
427.774
427.774
427.774
429.402
429.1
427.774
427.774
427.774
427.774
427.774
427.774
427.774
427.774
427.774
429.827
429.853
427.774
429.836
429.487
429.896
429.262
427.774
427.774
427.774
427.774
427.774
429.786
427.774
427.774
427.958
428.551
430.675
)
;
    }
    solarpanel_body_top
    {
        type            calculated;
        value           nonuniform List<scalar> 
2652
(
52.4614
472.332
666.701
580.495
586.283
544.861
52.7221
52.6915
52.6182
591.838
599.317
508.044
885.779
886.529
887.435
501.635
52.7469
52.7583
52.7574
52.7449
52.7679
52.756
52.7644
52.7682
68.2339
63.3968
63.1778
67.3459
77.7547
74.8067
66.719
65.1635
1044.74
1043.7
1044.74
1044.75
580.501
580.502
580.502
1044.74
580.501
580.502
580.502
580.501
580.504
580.502
580.505
580.51
1044.75
1044.74
1044.74
1044.75
1044.73
1044.74
1044.74
1044.73
580.497
1044.74
580.502
1044.73
580.504
580.5
580.501
580.495
897.063
878.553
883.152
499.535
52.7393
52.7354
52.7518
52.7573
52.7445
52.7449
52.7595
52.7416
52.7478
52.7534
52.742
52.7343
52.766
52.7682
52.7266
52.7336
52.7557
52.7531
52.7612
52.6928
52.7353
52.7184
79.4065
79.7398
79.3461
75.1746
76.7185
825.579
833.852
817.927
830.747
803.304
787.806
797.161
797.301
830.983
808.48
823.91
809.496
782.275
807.926
791.189
803.753
827.163
815.229
460.4
813.684
801.605
788.068
454.791
789.191
458.367
462.137
470.107
453.998
449.806
442.541
573.703
580.511
580.501
580.504
580.503
580.503
580.503
580.503
580.502
580.503
580.51
1044.74
580.503
1044.74
1044.74
1044.74
1044.74
1044.75
1044.75
1044.74
1044.76
1044.75
580.501
580.501
580.502
1044.74
1044.76
1044.74
580.501
580.5
580.502
1044.74
580.501
580.502
580.5
580.511
580.5
580.502
580.5
580.512
580.501
580.502
580.5
580.506
580.503
580.499
580.512
580.5
580.505
580.503
1044.75
1044.74
1044.74
1044.73
1044.74
1044.75
1044.74
1044.75
1044.73
1044.74
1044.74
1044.73
1044.74
1044.74
1044.74
1044.75
580.497
580.502
580.502
580.498
580.502
1044.74
580.502
580.511
580.507
580.505
580.502
580.508
580.5
52.0262
52.1075
52.0842
52.1366
51.9156
52.3069
52.3006
888.881
882.036
878.606
886.539
867.574
870.835
887.993
872.093
870.953
499.6
486.673
485.15
115.06
123.887
115.226
133.356
121.045
138.491
121.017
144.075
116.535
142.686
116.955
147.558
116.304
200.335
129.436
139.15
178.039
199.468
182.358
193.846
169.722
174.08
119.796
170.397
142.873
200.522
115.551
231.043
52.0736
52.0306
52.1029
404.82
410.216
706.49
705.111
683.32
699.714
703.555
707.341
722.055
717.413
692.246
396.987
409.807
413.893
580.838
580.54
580.505
580.505
580.505
580.505
580.505
580.505
580.505
580.505
580.505
580.505
580.505
580.505
918.871
909.826
915.517
917.941
916.975
516.457
514.97
52.7545
52.7582
52.754
52.7522
52.7681
52.7665
52.7677
52.7677
51.9353
52.2319
51.7613
68.0415
51.8353
51.8917
68.3959
51.875
52.0917
52.1782
63.3578
63.7853
52.1198
52.121
51.766
76.9325
75.8023
51.8117
51.9376
71.0023
71.1222
51.8341
232.022
274.79
251.35
259.723
355.583
489.201
222.906
293.543
379.491
444.554
359.978
484.44
231.18
281.032
351.587
496.056
1044.74
1044.73
1044.86
1046.78
1044.75
1044.74
1044.74
1044.73
580.498
580.501
580.502
580.51
580.51
580.502
580.501
580.498
580.498
580.501
580.502
580.51
580.51
580.502
580.501
580.498
580.502
580.502
580.504
580.506
580.503
580.508
580.495
580.497
1044.75
1044.75
1044.75
1044.75
1044.74
1044.75
1044.75
1044.74
1044.74
1044.73
1044.74
1044.75
1044.75
1044.74
1044.73
1044.74
580.502
1044.73
580.502
1044.75
580.507
580.502
1044.73
1044.74
580.498
580.504
580.508
580.505
580.505
580.5
580.498
580.5
949.747
944.654
949.693
944.595
951.632
941.261
949.827
941.087
950.116
943.226
532.314
945.619
528.766
526.218
529.526
529.349
894.016
870.725
873.365
834.088
841.391
834.083
839.67
882.22
878.22
876.814
843.014
839.576
848.681
844.586
885.668
861.535
861.942
836.745
840.029
861.648
855.925
501.173
496.943
491.667
485.963
483.857
465.692
472.756
52.7284
52.726
52.7505
52.7414
52.5492
52.5564
52.7529
52.6758
52.7331
52.7329
52.7332
52.7247
52.758
52.747
52.7509
52.7207
52.5467
52.5444
52.7536
52.7178
52.7366
52.7274
52.7371
52.742
52.7641
52.7654
52.7067
52.6406
52.6082
52.7214
52.7214
52.7621
52.6446
52.7621
52.6477
52.7605
52.7041
52.6911
52.7229
52.6512
52.7494
52.6961
111.812
114.748
148.83
113.81
138.903
78.4943
96.17
97.4901
112.705
155.951
112.103
148.629
105.15
98.0204
78.2748
117.246
142.807
114.476
147.224
76.9771
98.263
82.4609
78.4426
114.966
137.555
116.565
130.822
106.826
76.178
176.69
177.454
177.522
183.801
82.7657
117.797
171.661
176.842
174.786
174.516
94.6552
122.503
74.8094
143.017
201.148
145.416
229.076
106.697
118.614
131.134
148.679
123.842
75.1414
133.909
52.0412
52.0466
52.1122
52.0579
826.231
831.685
812.223
820.961
430.233
785.981
394.52
707.43
778.939
670.456
753.181
799.176
721.874
731.682
749.647
797.9
831.416
817.671
820.083
815.137
763.192
779.979
669.581
681.84
752.34
799.74
761.623
788.664
706.534
700.545
794.141
826.396
819.967
462.074
814.941
730.924
800.061
726.579
707.436
684.077
672.746
789.335
380.301
427.847
451.721
426.589
684.818
680.07
757.494
791.978
465.542
466.303
471.88
393.374
431.195
460.98
391.151
401.093
458.96
425.621
409.678
453.92
224.226
282.623
227.62
288.232
219.137
384.254
457.202
407.565
433.206
364.427
385.014
450.033
372.121
464.178
334.003
239.899
282.085
252.444
271.369
580.55
580.512
580.508
580.499
580.505
580.5
580.505
580.505
580.499
580.499
580.505
580.505
580.505
580.505
580.499
580.503
580.505
580.505
580.504
580.499
580.508
580.5
580.496
580.501
580.504
580.508
580.509
580.503
580.505
580.499
580.499
580.505
580.506
580.509
580.492
580.507
580.502
580.501
580.502
580.501
580.505
580.498
580.498
580.505
580.505
580.498
580.498
580.505
580.502
580.501
580.502
580.501
580.502
580.501
580.502
580.501
580.505
580.498
580.498
580.505
580.505
580.498
580.499
580.505
580.502
580.501
580.502
580.501
580.502
580.501
580.503
580.501
580.498
580.509
580.497
580.509
580.506
580.498
580.511
580.496
580.497
580.51
580.506
580.499
580.503
580.503
580.509
580.502
580.498
580.502
580.504
580.497
580.51
580.78
580.977
580.586
580.54
580.56
580.505
580.499
580.51
580.502
580.509
580.496
580.502
580.503
580.496
580.506
580.502
580.514
580.495
580.508
580.502
580.508
580.502
580.503
580.508
580.502
580.503
580.508
580.502
580.496
580.513
580.512
580.496
580.497
580.501
580.512
580.497
580.508
580.502
580.503
580.508
580.502
580.503
580.508
580.502
580.507
580.508
580.501
580.5
580.497
580.5
580.507
580.498
580.503
580.504
580.504
580.506
580.501
580.504
580.494
580.495
580.516
1044.74
1044.74
580.5
580.51
1044.75
580.502
1044.74
580.498
1044.75
1044.74
1044.74
1044.74
1044.74
1044.74
1044.74
1044.74
1044.76
1044.74
1044.74
1044.74
1044.76
1044.75
1044.75
1044.74
580.498
580.501
580.51
580.51
580.502
580.501
580.498
580.512
1044.74
1044.75
1044.74
1044.76
1044.74
1044.76
1044.74
580.511
580.493
580.51
1044.74
580.512
580.503
1044.76
1044.74
580.498
580.501
580.507
580.51
580.5
580.501
580.498
580.501
580.495
580.51
580.5
580.502
580.503
580.51
580.5
580.501
580.504
580.501
580.501
580.511
580.504
580.51
580.501
580.511
580.503
580.506
580.497
580.501
580.51
580.507
580.507
580.504
580.5
580.499
580.505
580.503
580.503
580.5
1044.74
1044.75
1044.74
1044.75
1044.74
1044.74
1044.74
1044.74
1044.74
1044.74
1032.68
1044.75
1044.78
1028.81
960.035
1044.74
1044.74
1028.62
1044.75
1044.75
1028.72
960.111
1044.74
1044.73
1044.74
1044.75
1044.75
1044.74
1044.73
1044.74
1044.74
1044.76
1028.64
1044.74
1044.76
1028.84
1044.75
1044.76
959.839
1028.65
1044.76
1044.75
1028.7
580.503
580.498
580.503
580.507
580.507
580.502
580.498
580.503
1044.74
580.509
1028.71
1044.74
1044.76
572.358
537.36
580.502
580.509
572.347
580.502
580.503
572.358
537.455
580.507
580.501
580.501
580.506
580.499
580.512
537.305
572.346
580.508
580.501
572.371
536.731
580.486
580.514
572.726
537.584
948.815
947.816
949.215
948.864
923.91
909.869
927.97
929.324
909.993
931.058
943.832
942.753
945.009
943.708
924.925
915.48
922.565
916.635
916.385
916.5
532.917
527.212
532.382
526.361
924.068
911.593
924.414
518.788
512.521
517.189
531.95
528.089
531.187
530.545
519.29
517.402
517.92
517.902
519.367
52.1697
52.1953
52.1945
52.2812
882.142
896.19
910.095
905.426
882.507
914.172
902.294
501.887
506.139
505.62
52.2434
52.1861
52.3171
580.496
579.346
580.502
580.505
580.505
580.501
580.501
580.505
580.505
580.501
580.501
580.505
580.504
580.497
580.505
580.504
580.504
580.494
580.501
580.498
580.508
580.501
580.501
580.508
580.508
580.501
580.501
580.508
580.505
580.5
580.501
580.505
52.6909
52.6918
52.6964
52.6924
52.7011
52.6964
52.6886
52.6935
52.6848
52.6823
52.6713
52.6746
52.6719
52.6969
52.6814
52.6811
52.6819
52.6814
52.6779
52.6785
52.6668
52.6604
70.9003
77.1088
63.5866
67.7597
78.588
77.2184
70.7821
67.165
77.5018
78.308
65.3138
81.8736
67.6859
77.1527
74.6513
77.0521
64.4193
52.2411
893.829
377.619
383.188
375.315
666.823
686.498
675.068
672.974
688.55
676.117
498.864
380.131
368.165
183.207
165.126
159.139
201.599
337.607
353.954
587.883
322.225
371.638
158.206
208.832
156.889
218.104
195.662
168.321
595.702
615.512
565.013
535.549
590.977
337.474
243.86
259.094
299.877
243.498
553.132
612.688
574.104
517.803
609.506
164.383
328.978
250.431
183.393
178.646
336.218
377.462
360.193
571.695
580.507
580.499
580.499
580.499
580.499
580.503
580.493
578.819
580.495
580.494
580.502
580.513
580.51
580.5
580.498
580.502
580.493
580.5
580.507
580.51
580.504
580.503
580.501
580.513
580.513
580.5
580.501
580.513
580.513
580.501
580.504
580.511
580.505
580.51
580.504
580.51
580.504
580.51
580.501
580.513
580.513
580.501
580.501
580.507
580.513
580.5
580.504
580.51
580.504
580.511
580.505
580.51
580.505
580.501
580.5
580.507
580.508
580.499
580.502
580.502
580.5
580.51
580.503
580.501
580.502
580.504
580.497
580.503
580.504
580.502
580.51
580.503
580.496
580.511
580.503
580.501
580.502
580.506
580.503
580.503
580.501
580.513
580.503
580.501
580.501
580.494
580.503
580.501
580.504
580.505
580.505
580.505
580.5
580.493
580.504
580.501
580.511
580.503
580.503
580.5
580.494
580.504
580.505
580.503
580.502
580.497
580.498
580.512
580.503
580.496
580.503
580.508
580.507
580.499
580.508
580.506
580.501
580.5
580.505
580.499
580.493
580.497
580.499
580.497
580.501
580.505
580.504
580.505
580.501
580.501
580.505
580.505
580.501
580.505
580.501
580.505
580.501
580.505
580.501
580.505
580.497
580.501
580.506
580.505
580.501
580.505
580.501
580.505
580.501
580.506
580.501
580.505
580.503
580.502
580.5
580.504
580.501
580.504
580.503
580.507
580.501
580.505
580.508
580.503
1044.91
580.505
580.511
580.505
580.509
580.497
580.512
580.505
580.508
580.501
580.501
580.508
580.497
580.506
580.498
580.503
580.497
580.504
580.502
580.497
580.503
580.502
580.508
580.501
580.501
580.508
580.497
580.504
580.497
580.503
580.497
580.507
580.502
580.497
580.503
580.501
580.495
580.509
580.5
580.502
580.495
580.508
580.503
580.506
897.016
933.347
898.451
914.067
938.765
934.778
878.975
916.076
940.183
911.747
524.551
882.61
509.339
525.974
524.138
509.601
507.32
524.857
52.2007
52.0582
52.1827
52.1018
53.6941
53.6811
52.1052
52.0505
51.7828
51.9663
51.791
51.8419
953.657
960.34
952.873
959.639
952.867
960.046
959.57
952.84
950.571
959.967
960.273
950.045
535.101
537.607
537.09
534.318
52.5458
52.5217
52.5506
52.5373
52.5421
52.1976
52.5149
52.5439
52.547
52.5429
52.1583
52.5259
52.5426
52.523
52.5291
52.481
52.5605
52.5744
52.4349
52.6187
52.5299
52.6475
52.3778
52.3856
52.6492
52.0866
52.5637
52.1566
52.0283
51.773
52.2517
52.0395
878.995
869.254
868.91
866.082
865.579
485.407
483.959
959.331
959.712
959.813
959.916
959.52
960.07
960.226
537.46
951.613
959.856
952.155
959.917
923.471
896.131
911.539
910.169
952.873
959.788
951.105
959.623
914.364
905.033
920.324
918.468
876.362
533.143
537.218
533.395
536.693
921.379
901.609
515.237
506.397
499.824
515.105
505.405
52.7007
52.6936
52.6979
52.6951
52.6941
52.6937
52.7387
52.7192
52.7161
52.7126
52.6749
52.7327
52.7514
52.7234
52.7486
52.6783
52.7676
52.7581
52.7372
52.7447
52.6735
51.8917
52.1733
52.0785
52.8433
52.1146
52.1303
51.7811
52.3114
52.0352
51.756
240.091
284.786
242.59
185.059
333.002
203.47
306.59
319.775
272.333
220.585
501.762
222.379
209.642
528.413
209.854
517.268
498.48
297.319
377.161
444.39
371.17
318.769
542.904
303.48
547.382
551.395
459.109
236.951
272.703
375.308
202.283
308.394
192.806
318.987
308.648
284.401
580.495
580.506
580.507
580.571
580.426
580.502
580.504
580.52
580.503
580.502
580.503
580.498
580.506
580.505
580.506
580.501
580.501
580.501
580.501
580.501
580.501
580.505
580.506
580.506
580.506
580.505
580.506
580.501
580.501
580.501
580.501
580.501
580.501
580.505
580.506
580.506
580.499
580.501
580.509
580.501
580.509
580.497
580.497
580.509
580.503
580.501
580.506
580.5
580.498
580.502
580.502
580.51
580.494
580.506
580.506
580.502
580.508
580.506
580.495
580.496
580.504
580.508
580.504
580.501
580.503
580.503
580.503
580.501
580.503
580.508
580.503
580.504
580.504
580.508
580.504
580.501
580.503
580.503
580.503
580.501
580.503
580.508
580.504
580.504
580.501
580.507
580.508
580.496
580.501
580.498
580.504
580.509
580.501
580.499
580.501
580.507
1044.74
1044.35
1044.71
1044.7
580.498
580.51
580.51
580.498
580.498
580.51
580.51
580.498
580.504
580.504
580.501
580.502
1044.74
1044.75
1044.74
1044.73
1044.74
1044.75
1044.75
1044.74
1044.74
1044.75
1044.75
1044.74
580.507
580.511
580.504
580.506
953.062
959.973
959.963
952.328
948.242
946.959
933.158
946.867
946.671
952.631
958.76
958.212
952.828
949.288
948.079
934.61
948.097
945.084
937.12
951.093
536.626
959.845
532.693
948.684
947.406
936.005
947.336
947.581
936.552
533.586
536.13
536.373
534.284
531.159
529.714
531.755
531.264
524.461
525.717
52.7095
52.7147
52.7063
52.7168
52.7176
52.6923
52.6914
52.6932
52.7134
52.6998
52.7112
52.6998
52.734
52.5273
52.4996
52.5032
52.5146
52.7062
52.7305
52.5486
52.4988
52.2437
52.5278
52.4983
52.2253
52.7313
52.7581
52.7456
52.7082
52.7009
52.7106
52.7172
52.6859
52.6885
52.6821
52.6884
52.6787
52.6824
52.668
52.723
52.5391
52.545
52.5432
52.5468
52.7203
52.7364
52.5348
52.5397
52.5363
52.1756
52.5264
52.7392
52.7232
52.723
52.6805
52.6821
52.7274
52.7234
52.6801
52.6682
52.6747
52.6747
52.6813
52.682
52.6814
52.6493
52.6383
52.6238
52.4774
52.432
52.6783
52.6535
52.5604
52.5873
52.5425
52.5583
52.248
52.6518
52.7561
52.7274
52.6817
52.6774
52.674
52.6722
52.6723
52.6883
52.6678
52.6824
52.6387
52.3349
52.364
52.6362
52.6669
52.6942
52.5646
52.4002
52.2724
52.6088
52.5245
74.4896
76.6916
63.511
51.7171
76.7992
67.0142
102.673
184.85
176.787
96.789
97.7658
101.391
158.037
153.703
75.2285
51.7946
51.7192
73.1577
68.2632
51.7816
98.1326
98.7377
98.027
109.407
176.096
76.3556
75.7639
51.7533
79.5284
66.3208
51.7296
79.9875
64.2105
75.7049
205.46
220.973
76.4993
114.325
105.852
74.0097
51.7496
72.1699
51.8074
129.125
128.757
237.708
109.941
176.402
51.962
51.841
51.7518
52.1606
52.0675
52.1035
52.4241
51.9438
52.1885
52.0771
869.226
868.506
856.977
867.625
838.986
858.04
764.241
384.065
419.315
391.185
754.522
665.414
754.095
647.282
745.609
871.614
865.355
855.663
865.555
856.803
865.358
667.866
760.364
676.952
748.522
760.777
660.747
745.288
656.832
755.145
862.027
483.932
484.586
484.302
862.605
484.497
751.863
685.376
673.917
768.778
685.87
681.361
768.889
498.645
498.624
472.4
472.068
417.406
433.215
401.914
432.238
389.161
425.646
431.7
374.659
210.218
221.437
283.565
210.404
319.077
312.55
282.517
195.186
167.433
163.524
216.746
323.644
337.243
345.702
352.504
317.159
358.741
330.834
392.973
481.298
284.569
545.149
562.04
449.39
155.251
213.836
151.586
251.357
297.285
503.97
621.968
638.957
590.424
550.844
590.828
326.833
344.808
504.089
305.961
543.167
536.283
488.247
307.622
238.728
255.15
316.498
245.692
550.821
575.434
599.894
588.792
524.687
604.632
318.242
333.437
232.02
303.868
178.576
307.247
340.299
359.542
356.94
581.11
580.571
580.504
580.497
580.499
580.499
580.499
580.499
580.499
580.499
580.497
580.499
580.502
580.51
580.497
580.507
580.505
580.581
580.407
580.506
580.522
580.502
580.489
580.506
580.5
580.513
580.498
580.504
580.496
580.5
580.505
580.514
580.497
580.513
580.506
580.498
580.513
580.498
580.511
580.505
580.504
580.501
580.509
580.504
580.501
580.504
580.51
580.505
580.5
580.513
580.498
580.498
580.513
580.5
580.505
580.505
580.501
580.513
580.498
580.498
580.513
580.501
580.505
580.504
580.502
580.501
580.501
580.505
580.502
580.501
580.5
580.504
580.502
580.501
580.51
580.504
580.502
580.501
580.51
580.505
580.501
580.513
580.498
580.498
580.513
580.501
580.505
580.505
580.5
580.506
580.498
580.498
580.513
580.501
580.505
580.504
580.502
580.501
580.51
580.504
580.502
580.501
580.51
580.505
580.502
580.501
580.51
580.505
580.502
580.501
580.5
580.502
580.504
580.503
580.497
580.508
580.498
580.504
580.504
580.506
580.506
580.508
580.503
580.512
580.501
580.5
580.496
580.5
580.501
580.5
580.509
580.505
580.503
580.503
580.496
580.502
580.501
580.509
580.504
580.503
580.507
580.507
580.505
580.506
580.503
580.504
580.502
580.502
580.497
580.504
580.5
580.496
580.507
580.514
580.387
580.502
580.481
580.508
580.508
580.503
580.496
580.496
580.51
580.499
580.503
580.503
580.496
580.501
580.512
580.502
580.503
580.502
580.501
580.496
580.496
580.501
580.494
580.512
580.503
580.504
580.501
580.496
580.504
580.508
580.504
580.504
580.508
580.502
580.505
580.508
580.502
580.505
580.508
580.502
580.501
580.496
580.501
580.504
580.502
580.512
580.494
580.501
580.496
580.496
580.501
580.494
580.503
580.512
580.493
580.501
580.506
580.504
580.508
580.502
580.504
580.508
580.501
580.505
580.508
580.503
580.504
580.508
580.501
580.501
580.503
580.506
580.498
580.501
580.502
580.511
580.509
580.502
580.502
580.498
580.5
580.498
580.508
580.504
580.502
580.499
580.503
580.51
580.502
580.502
580.521
580.508
580.505
580.507
580.501
580.501
580.501
580.503
580.503
580.503
580.505
580.506
580.506
580.513
580.507
580.504
580.494
580.504
580.508
580.506
580.494
580.502
580.498
580.499
580.506
580.505
580.503
580.502
580.501
580.501
580.501
580.505
580.502
580.502
580.504
580.501
580.501
580.506
580.505
580.506
580.501
580.501
580.501
580.501
580.501
580.501
580.505
580.506
580.506
580.505
580.502
580.502
580.501
580.501
580.501
580.505
580.502
580.501
580.501
580.501
580.501
580.505
580.502
580.502
580.501
580.501
580.501
580.505
580.502
580.502
580.501
580.501
580.501
580.506
580.505
580.506
580.499
580.51
580.5
580.501
580.5
580.501
580.506
580.498
580.497
580.505
580.502
580.502
580.501
580.501
580.501
580.505
580.502
580.502
580.501
580.501
580.501
580.505
580.502
580.502
580.501
580.501
580.501
580.505
580.503
580.502
580.501
580.501
580.501
580.497
580.504
580.503
580.504
580.507
580.51
580.503
580.502
580.501
580.501
580.506
580.508
580.511
580.501
580.509
580.502
580.509
580.5
580.505
580.503
580.505
580.503
580.51
580.507
580.509
580.5
580.505
580.51
580.503
580.504
580.508
580.5
580.494
580.508
580.504
580.503
580.5
580.505
580.508
580.491
1044.9
580.56
580.508
580.507
580.503
580.504
580.534
580.512
580.499
580.505
580.501
580.501
580.501
580.503
580.498
580.508
580.509
580.504
580.501
580.494
580.504
580.508
580.504
580.501
580.503
580.503
580.503
580.501
580.503
580.508
580.504
580.504
580.497
580.507
580.507
580.499
580.504
580.499
580.497
580.507
580.507
580.498
580.504
580.498
580.497
580.507
580.507
580.498
580.504
580.502
580.498
580.497
580.507
580.507
580.498
580.503
580.498
580.504
580.509
580.504
580.501
580.503
580.503
580.503
580.501
580.503
580.508
580.503
580.503
580.497
580.507
580.507
580.498
580.504
580.498
580.497
580.507
580.507
580.498
580.503
580.498
580.498
580.507
580.507
580.499
580.504
580.497
580.499
580.498
580.506
580.507
580.498
580.503
580.499
580.505
580.499
580.505
580.502
580.507
580.506
580.497
580.503
580.5
580.507
580.509
580.506
580.504
580.503
580.502
580.501
580.499
580.496
580.5
580.509
580.495
580.513
580.496
580.503
580.501
1044.75
580.5
1044.74
1044.74
1044.75
1044.75
1044.75
1044.75
1044.74
1044.74
1044.74
1044.75
580.498
580.51
580.51
580.498
1044.73
1044.76
1044.73
1044.76
580.494
580.51
580.504
1044.76
580.498
580.508
580.51
580.498
580.493
580.51
580.503
580.509
580.494
580.5
580.494
580.51
580.504
580.499
580.502
580.506
580.5
580.5
580.505
580.507
1044.74
1044.75
1044.75
1044.74
1044.75
1030.3
1044.78
959.821
1029.11
1044.74
1028.64
959.904
1044.74
1028.68
960.037
1044.74
1044.75
1044.75
1044.74
1044.76
960.551
960.815
960.362
1028.75
1044.76
1028.84
1044.75
959.733
959.375
1028.58
1044.74
1028.58
580.504
580.507
580.507
580.503
1044.76
1028.7
1044.76
960.448
1028.75
580.51
572.34
537.409
580.501
572.359
537.446
580.5
580.502
580.502
536.655
536.794
572.228
580.501
572.255
580.472
537.679
573.378
950.987
959.979
951.267
959.953
948.436
948.207
934.577
948.325
948.334
934.336
932.86
925.164
934.183
896.127
904.489
933.711
931.755
927.967
903.752
884.645
907.175
933.394
931.953
954.095
959.845
953.637
959.663
945.683
946.113
946.596
945.041
936.127
926.771
935.452
909.672
915.799
918.529
918.957
916.331
877.441
916.06
939.353
916.244
533.185
536.456
532.761
536.611
532.955
527.681
532.586
527.16
525.877
921.358
935.853
909.26
910.925
935.305
919.941
519.455
525.467
507.288
497.594
510.265
514.695
534.028
536.319
533.46
537.401
523.171
521.078
509.416
515.638
526.183
516.696
504.87
499.25
516.071
518.161
)
;
    }
    solarpanel_body_back
    {
        type            calculated;
        value           nonuniform List<scalar> 
907
(
404.084
502.009
424.865
451.503
470.771
549.085
579.18
569.253
566.997
575.816
577.384
569.784
564.798
433.146
413.439
418.531
431.054
431.952
419.806
416.234
435.203
433.99
417.563
418.535
430.416
432.991
421.438
418.233
426.883
609.87
606.665
606.208
607.82
607.881
608.619
608.086
610.567
429.661
431.685
462.801
453.279
458.411
455.344
433.348
415.555
431.123
463.986
460.12
462.525
445.168
462.463
433.776
430.423
462.113
460.976
463.902
462.693
431.344
418.207
439.136
461.6
441.162
458.616
461.978
562.686
556.387
575.254
574.332
571.387
572.7
568.353
570.229
610.035
608.475
606.27
609.784
614.321
609.149
609.796
608.55
614.375
400.181
399.989
399.725
399.853
400.553
400.593
401.122
400.391
400.176
399.88
399.949
399.993
400.101
400.149
400.157
400.135
578.185
584.002
588.021
586.426
583.546
585.245
585.111
587
400.239
400.187
400.677
400.183
400.094
400.036
399.95
400.174
400.051
400
400.156
399.863
547.217
558.161
564.062
560.363
563.149
554.663
549.32
549.801
545.419
550.833
567.473
564.284
565.939
564.566
573.53
570.081
571.228
574.615
576.985
570.424
563.238
589.498
590.273
592.922
589.042
402.059
402.037
400.077
399.817
400.151
399.791
401.613
400.64
400.483
400.341
400.419
400.343
400.417
401.717
400.322
400.175
400.24
400.152
401.71
401.453
401.338
400.389
400.325
400.392
400.156
433.457
437.007
433.227
417.397
421.484
426.886
423.738
418.588
425.637
435.669
426.007
429.037
428.476
434.466
427.978
419.024
425.641
423.587
426.989
417.595
424.976
436.98
427.072
425.704
429.192
436.316
430.383
419.566
425.985
423.2
421.321
419.899
421.967
435.091
428.112
429.31
426.491
432.306
425.5
418.855
429.016
425.223
426.003
418.85
425.662
429.061
427.764
425.295
603.788
609.702
591.48
588.235
598.861
600.297
601.036
607.857
608.907
608.947
582.527
584.841
597.733
601.536
607.992
607.381
601.611
610.653
583.26
583.118
602.131
600.589
604.637
610.606
607.091
609.152
589.868
591.781
594.789
596.696
602.621
609.452
401.929
401.673
400.359
399.98
400.359
400.153
401.375
409.257
411.182
407.826
409.223
406.346
412.161
405.183
413.243
401.928
401.397
400.266
400.202
400.3
400.176
401.478
406.241
413.664
406.013
414.528
406.842
413.675
406.213
414.643
401.612
401.273
399.835
400.174
400.093
399.905
401.823
407.093
410.93
407.022
412.458
408.549
409.555
407.438
409.79
400.826
401.218
400.73
400.379
400.255
400.357
408.766
411.463
410.214
412.069
406.929
413.768
429.752
432.499
429.275
416.056
423.473
422.441
422.653
422.368
431.291
428.945
430.07
452.15
454.034
460.364
442.129
454.06
458.382
441.86
449.826
456.677
462.76
447.616
453.614
460.525
426.262
435.366
427.096
428.432
427.496
426.488
415.521
426.298
433.112
430.365
429.672
449.078
452.129
466.623
450.777
453.961
463.929
448.295
451.287
456.982
450.964
458.706
457.875
430.69
431.555
430.752
417.357
429.651
426.662
423.13
425.078
430.632
430.819
430.389
448.765
448.111
462.268
446.263
453.388
461.1
441.852
445.103
449.563
460.11
449.732
458.275
457.846
427.334
429.679
426.973
427.297
426.905
440.814
450.072
448.306
460.708
444.872
454.787
459.148
449.238
451.652
468.484
489.744
494.706
515.634
498.304
499.024
562.627
565.963
553.496
548.531
529.317
535.497
548.287
552.268
538.368
500.437
494.35
484.51
491.039
510.559
535.596
544.138
549.123
547.167
537.842
554.138
552.781
540.646
539.376
491.135
490.238
509.818
492.102
487.818
555.842
553.789
543.999
535.332
534.089
537.621
552.583
553.198
540.561
495.816
495.651
500.37
497.452
536.276
535.939
563.81
563.853
556.457
553.601
534.52
546.416
566.827
564.142
577.357
572.331
572.094
570.239
566.289
575.269
605.626
609.062
593.407
593.416
607.336
608.422
615.032
613.214
615.08
614.436
613.88
614.804
614.762
600.697
608.264
599.433
601.489
601.489
610.495
614.437
614.287
614.648
614.781
615.194
612.782
607.145
607.669
599.546
596.978
606.435
608.355
613.972
613.768
613.465
615.068
614.596
614.684
613.555
606.67
607.204
588.427
585.42
599.183
615.001
615.217
613.284
614.176
402.212
401.276
405.038
403.958
404.681
402.379
404.655
403.909
403.779
404.315
405.808
412.456
404.269
418.592
406.321
416.416
414.562
404.814
417.69
418.665
404.92
403.148
404.812
413.745
405.444
414.525
404.883
414.074
404.552
415.834
414.55
403.533
403.344
404.458
414.004
405.946
413.643
404.069
418.613
413.944
405.096
417.553
412.693
404.429
404.784
413.352
404.106
413.554
404.776
413.342
435.36
442.639
437.123
440.569
440.629
439.911
441.774
438.706
441.602
441.899
445.32
441.403
498.448
497.757
507.556
536.164
534.225
513.231
530.764
511.322
542.716
501.621
502.858
503.479
528.371
522.514
542.571
546.403
526.514
524.806
499.979
504.029
511.666
541.73
534.547
517.508
523.194
514.916
544.285
503.228
506.841
503.647
527.064
526.489
534.242
523.942
612.891
612.808
613.414
613.581
613.727
613.804
613.473
611.717
613.724
613.205
612.962
612.063
614.358
485.696
484.099
493.177
472.437
489.451
483.086
470.226
471.045
487.778
481.761
469.935
483.046
487.674
484.831
484.602
471.603
482.139
481.361
470.746
471.038
481.639
583.64
585.394
402.764
403.997
398.076
405.23
401.08
400.993
404.177
404.649
401.603
401.825
403.141
404.104
401.7
402.044
403.326
601.347
599.993
595.684
600.95
604.663
594.014
602.673
608.388
599.454
599.047
597.323
605.407
606.619
594.302
595.369
598.93
405.535
404.751
401.08
405.83
408.029
412.579
413.728
404.37
406.426
409.405
416.332
406.218
407.533
412.093
415.727
404.878
405.393
411.463
417.554
416.755
404.871
403.701
401.606
405.515
406.293
412.686
414.301
405.858
405.781
414.61
414.775
404.809
406.604
412.479
414.391
415.293
403.519
407.779
414.626
414.448
402.748
402.716
401.825
405.499
406.161
410.361
414.088
405.727
407.696
413.247
413.792
406.063
407.262
411.773
416.242
406.528
408.024
412.072
415.167
418.725
404.78
404.943
407.68
413.468
411.81
404.054
410.615
413.159
412.965
405.169
407.125
413.343
415.291
417.204
437.26
440.969
441.407
451.428
457.93
464.772
470.378
445.923
459.39
471.167
446.747
459.658
466.849
444.896
456.233
438.706
438.723
439.63
441.349
450.3
451.801
450.211
453.504
469.67
468.931
446.851
455.066
473.046
450.274
457.683
475.173
468.836
437.437
439.568
444.4
449.979
451.072
469.278
469.089
447.616
452.555
471.897
445.795
452.079
471.847
450.112
457.548
442.221
444.35
447.532
453.099
446.287
455.382
471.675
471.606
447.729
456.753
471.308
469.257
482.626
473.775
478.729
504.797
491.807
492.395
512.171
481.983
474.831
472.58
477.243
505.135
498.016
490.063
503.193
524.526
539.339
515.916
532.606
522.35
479.413
485.907
499.334
507.146
490.323
501.012
484.141
490.679
507.521
491.445
500.087
506.81
520.723
515.371
544.69
519.218
520.113
484.067
469.028
486.358
500.759
496.763
500.75
503.955
480.535
472.24
467.721
483.011
509.524
496.522
495.243
508.639
531.832
534.092
522.558
530.13
522.173
482.516
483.597
498.451
501.437
499.654
506.207
490.281
485.461
501.508
532.145
533.343
535.339
529.889
589.374
590.541
580.837
582.823
586.093
587.005
603.363
593.717
593.059
608.477
613.185
613.438
612.284
614.811
614.637
600.376
597.122
598.186
603.631
614.639
614.128
613.236
614.671
614.215
614.996
605.13
600.845
596.804
601.54
615.444
613.598
614.655
614.683
614.965
606.533
597.242
614.573
612.994
614.285
615.428
615.277
614.224
)
;
    }
    ref_wall
    {
        type            calculated;
        value           nonuniform List<scalar> 
1377
(
31.6553
31.6553
6.94903
6.94903
6.94903
6.94903
31.6553
31.6553
6.94903
6.94903
6.94903
6.94903
31.6553
31.6553
6.94903
6.94903
6.94903
6.94903
31.6553
31.6553
6.94903
6.94903
6.94903
6.94903
31.6553
31.6553
6.94903
6.94903
6.94903
6.94903
31.6553
31.6553
6.94903
6.94903
6.94903
6.94903
31.6553
31.6553
6.94903
6.94903
6.94903
6.94903
31.6553
31.6553
6.94903
6.94903
6.94903
6.94903
31.6553
31.6553
6.94903
6.94903
6.94903
6.94903
6.94903
7.40893
7.40893
7.40893
7.40893
42.7774
7.40893
7.40893
7.40893
7.40893
42.7774
7.40893
7.40893
7.40893
7.40893
42.7774
7.40893
7.40893
7.40893
7.40893
42.7774
7.40893
7.40893
7.40893
7.40893
42.7774
7.40893
7.40893
7.40893
7.40893
42.7774
7.40893
7.40893
7.40893
7.40893
42.7774
7.40893
7.40893
7.40893
7.40893
42.7774
7.40893
7.40893
7.40893
7.40893
42.7774
7.40893
7.40893
7.40893
7.40893
42.7774
7.40893
7.40893
7.40893
7.40893
42.7774
7.40893
7.40893
7.40893
7.40893
42.7774
7.40893
7.40893
7.40893
7.40893
42.7774
7.40893
7.40893
7.40893
7.40893
42.7774
7.40893
7.40893
7.40893
7.40893
42.7774
7.40893
7.40893
7.40893
7.40893
42.7774
7.40893
7.40893
7.40893
7.40893
42.7774
7.40893
7.40893
7.40893
7.40893
42.7774
7.40893
7.40893
7.40893
7.40893
42.7774
7.40893
7.40893
7.40893
7.40893
42.7774
7.40893
7.40893
7.40893
7.40893
42.7774
7.40893
7.40893
7.40893
7.40893
42.7774
7.40893
7.40893
7.40893
7.40893
42.7774
7.40893
7.40893
7.40893
7.40893
42.7774
7.40893
7.40893
7.40893
7.40893
42.7774
7.40893
7.40893
7.40893
7.40893
42.7774
7.40893
7.40893
7.40893
7.40893
42.7774
7.40893
7.40893
7.40893
7.40893
42.7774
7.40893
7.40893
7.40893
7.40893
42.7774
7.40893
7.40893
7.40893
7.40893
42.7774
7.40893
7.40893
7.40893
7.40893
42.7774
7.40893
7.40893
7.40893
7.40893
42.7774
7.40893
7.40893
7.40893
7.40893
42.7774
7.40893
7.40893
7.40893
7.40893
42.7774
7.40893
7.40893
7.40893
7.40893
42.7774
7.40893
7.40893
7.40893
7.40893
42.7774
6.94903
31.6553
31.6553
31.6553
31.6553
31.6553
31.6553
7.40893
7.40893
7.40893
7.40893
7.40893
7.40893
7.40893
7.40893
7.40893
7.40893
7.40893
7.40893
42.7774
42.7774
42.7774
7.40893
7.40893
7.40893
7.40893
7.40893
7.40893
7.40893
7.40893
7.40893
7.40893
7.40893
7.40893
42.7774
42.7774
42.7774
7.40893
7.40893
7.40893
7.40893
7.40893
7.40893
7.40893
7.40893
7.40893
7.40893
7.40893
7.40893
42.7774
42.7774
42.7774
7.40893
7.40893
6.94903
6.94903
7.40893
7.40893
7.40893
7.40893
7.40893
7.40893
6.94903
6.94903
42.7774
6.94903
42.7774
42.7774
6.94903
31.6553
31.6553
31.6553
31.6553
31.6553
31.6553
7.40893
7.40893
7.40893
7.40893
7.40893
7.40893
7.40893
7.40893
7.40893
7.40893
7.40893
7.40893
42.7774
42.7774
42.7774
7.40893
7.40893
7.40893
7.40893
7.40893
7.40893
7.40893
7.40893
7.40893
7.40893
7.40893
7.40893
42.7774
42.7774
42.7774
7.40893
7.40893
7.40893
7.40893
7.40893
7.40893
7.40893
7.40893
7.40893
7.40893
7.40893
7.40893
42.7774
42.7774
42.7774
7.40893
7.40893
6.94903
6.94903
7.40893
7.40893
7.40893
7.40893
7.40893
7.40893
6.94903
6.94903
42.7774
6.94903
42.7774
42.7774
6.94903
31.6553
31.6553
31.6553
31.6553
31.6553
31.6553
7.40893
7.40893
7.40893
7.40893
7.40893
7.40893
7.40893
7.40893
7.40893
7.40893
7.40893
7.40893
42.7774
42.7774
42.7774
7.40893
7.40893
7.40893
7.40893
7.40893
7.40893
7.40893
7.40893
7.40893
7.40893
7.40893
7.40893
42.7774
42.7774
42.7774
7.40893
7.40893
7.40893
7.40893
7.40893
7.40893
7.40893
7.40893
7.40893
7.40893
7.40893
7.40893
42.7774
42.7774
42.7774
7.40893
7.40893
6.94903
6.94903
7.40893
7.40893
7.40893
7.40893
7.40893
7.40893
6.94903
6.94903
42.7774
6.94903
42.7774
42.7774
6.94903
31.6553
31.6553
31.6553
31.6553
31.6553
31.6553
7.40893
7.40893
7.40893
7.40893
7.40893
7.40893
7.40893
7.40893
7.40893
7.40893
7.40893
7.40893
42.7774
42.7774
42.7774
7.40893
7.40893
7.40893
7.40893
7.40893
7.40893
7.40893
7.40893
7.40893
7.40893
7.40893
7.40893
42.7774
42.7774
42.7774
7.40893
7.40893
7.40893
7.40893
7.40893
7.40893
7.40893
7.40893
7.40893
7.40893
7.40893
7.40893
42.7774
42.7774
42.7774
7.40893
7.40893
6.94903
6.94903
7.40893
7.40893
7.40893
7.40893
7.40893
7.40893
6.94903
6.94903
42.7774
6.94903
42.7774
42.7774
6.94903
31.6553
31.6553
31.6553
31.6553
31.6553
31.6553
7.40893
7.40893
7.40893
7.40893
7.40893
7.40893
7.40893
7.40893
7.40893
7.40893
7.40893
7.40893
42.7774
42.7774
42.7774
7.40893
7.40893
7.40893
7.40893
7.40893
7.40893
7.40893
7.40893
7.40893
7.40893
7.40893
7.40893
42.7774
42.7774
42.7774
7.40893
7.40893
7.40893
7.40893
7.40893
7.40893
7.40893
7.40893
7.40893
7.40893
7.40893
7.40893
42.7774
42.7774
42.7774
7.40893
7.40893
6.94903
6.94903
7.40893
7.40893
7.40893
7.40893
7.40893
7.40893
6.94903
6.94903
42.7774
6.94903
42.7774
42.7774
6.94903
31.6553
31.6553
31.6553
31.6553
31.6553
31.6553
7.40893
7.40893
7.40893
7.40893
7.40893
7.40893
7.40893
7.40893
7.40893
7.40893
7.40893
7.40893
42.7774
42.7774
42.7774
7.40893
7.40893
7.40893
7.40893
7.40893
7.40893
7.40893
7.40893
7.40893
7.40893
7.40893
7.40893
42.7774
42.7774
42.7774
7.40893
7.40893
7.40893
7.40893
7.40893
7.40893
7.40893
7.40893
7.40893
7.40893
7.40893
7.40893
42.7774
42.7774
42.7774
7.40893
7.40893
6.94903
6.94903
7.40893
7.40893
7.40893
7.40893
7.40893
7.40893
6.94903
6.94903
42.7774
6.94903
42.7774
42.7774
6.94903
31.6553
31.6553
31.6553
31.6553
31.6553
31.6553
7.40893
7.40893
7.40893
7.40893
7.40893
7.40893
7.40893
7.40893
7.40893
7.40893
7.40893
7.40893
42.7774
42.7774
42.7774
7.40893
7.40893
7.40893
7.40893
7.40893
7.40893
7.40893
7.40893
7.40893
7.40893
7.40893
7.40893
42.7774
42.7774
42.7774
7.40893
7.40893
7.40893
7.40893
7.40893
7.40893
7.40893
7.40893
7.40893
7.40893
7.40893
7.40893
42.7774
42.7774
42.7774
7.40893
7.40893
6.94903
6.94903
7.40893
7.40893
7.40893
7.40893
7.40893
7.40893
6.94903
6.94903
42.7774
6.94903
42.7774
42.7774
6.94903
31.6553
31.6553
31.6553
31.6553
31.6553
31.6553
7.40893
7.40893
7.40893
7.40893
7.40893
7.40893
7.40893
7.40893
7.40893
7.40893
7.40893
7.40893
42.7774
42.7774
42.7774
7.40893
7.40893
7.40893
7.40893
7.40893
7.40893
7.40893
7.40893
7.40893
7.40893
7.40893
7.40893
42.7774
42.7774
42.7774
7.40893
7.40893
7.40893
7.40893
7.40893
7.40893
7.40893
7.40893
7.40893
7.40893
7.40893
7.40893
42.7774
42.7774
42.7774
7.40893
7.40893
6.94903
6.94903
7.40893
7.40893
7.40893
7.40893
7.40893
7.40893
6.94903
6.94903
42.7774
6.94903
42.7774
42.7774
6.94903
31.6553
31.6553
31.6553
31.6553
31.6553
31.6553
7.40893
7.40893
7.40893
7.40893
7.40893
7.40893
7.40893
7.40893
7.40893
7.40893
7.40893
7.40893
42.7774
42.7774
42.7774
7.40893
7.40893
7.40893
7.40893
7.40893
7.40893
7.40893
7.40893
7.40893
7.40893
7.40893
7.40893
42.7774
42.7774
42.7774
7.40893
7.40893
7.40893
7.40893
7.40893
7.40893
7.40893
7.40893
7.40893
7.40893
7.40893
7.40893
42.7774
42.7774
42.7774
7.40893
7.40893
6.94903
6.94903
7.40893
7.40893
7.40893
7.40893
7.40893
7.40893
6.94903
6.94903
42.7774
6.94903
42.7774
42.7774
6.94903
59.774
59.774
59.774
59.774
59.774
59.774
59.774
59.774
6.94903
31.6553
42.7774
42.7774
42.7774
42.7774
31.6553
42.7774
42.7774
42.7774
42.7774
31.6553
42.7774
42.7774
42.7774
42.7774
31.6553
42.7774
42.7774
42.7774
42.7774
31.6553
42.7774
42.7774
42.7774
42.7774
31.6553
42.7774
42.7774
42.7774
42.7774
31.6553
42.7774
42.7774
42.7774
42.7774
31.6553
42.7774
42.7774
42.7774
42.7774
31.6553
42.7774
42.7774
42.7774
42.7774
31.6553
42.7774
59.774
42.7774
59.774
42.7774
59.774
42.7774
59.774
42.7774
31.6553
42.7774
42.7774
42.7774
42.7774
42.7774
42.7774
42.7774
42.7774
42.7774
42.7774
31.6553
42.7774
42.7774
42.7774
42.7774
42.7774
42.7774
42.7774
42.7774
42.7774
42.7774
31.6553
42.7774
42.7774
42.7774
42.7774
42.7774
42.7774
42.7774
42.7774
42.7774
42.7774
31.6553
42.7774
42.7774
42.7774
42.7774
42.7774
42.7774
42.7774
42.7774
42.7774
42.7774
31.6553
42.7774
42.7774
42.7774
42.7774
42.7774
42.7774
42.7774
42.7774
42.7774
42.7774
31.6553
42.7774
42.7774
42.7774
42.7774
42.7774
42.7774
42.7774
42.7774
42.7774
42.7774
31.6553
42.7774
42.7774
42.7774
42.7774
42.7774
42.7774
42.7774
42.7774
42.7774
42.7774
31.6553
42.7774
42.7774
42.7774
42.7774
42.7774
42.7774
42.7774
42.7774
42.7774
42.7774
31.6553
42.7774
42.7774
42.7774
42.7774
42.7774
42.7774
42.7774
42.7774
42.7774
31.6553
59.774
59.774
59.774
59.774
59.774
59.774
59.774
42.7774
42.7774
31.6553
42.7774
42.7774
42.7774
42.7774
42.7774
42.7774
42.7774
42.7774
31.6553
42.7774
42.7774
42.7774
42.7774
42.7774
42.7774
42.7774
42.7774
31.6553
42.7774
42.7774
42.7774
42.7774
42.7774
42.7774
42.7774
42.7774
31.6553
42.7774
42.7774
42.7774
42.7774
42.7774
42.7774
42.7774
42.7774
31.6553
42.7774
42.7774
42.7774
42.7774
42.7774
42.7774
42.7774
42.7774
31.6553
42.7774
42.7774
42.7774
42.7774
42.7774
42.7774
42.7774
42.7774
31.6553
42.7774
42.7774
42.7774
42.7774
42.7774
42.7774
42.7774
42.7774
31.6553
42.7774
42.7774
42.7774
42.7774
42.7774
42.7774
42.7774
42.7774
31.6553
42.7774
42.7774
42.7774
42.7774
42.7774
42.7774
42.7774
59.774
42.7774
59.774
42.7774
59.774
42.7774
42.7774
42.7774
31.6553
42.7774
42.7774
42.7774
42.7774
42.7774
42.7774
42.7774
42.7774
42.7774
42.7774
42.7774
42.7774
42.7774
42.7774
42.7774
6.94903
6.94903
42.7774
42.7774
42.7774
42.7774
42.7774
42.7774
42.7774
31.6553
42.7774
42.7774
42.7774
42.7774
42.7774
42.7774
42.7774
42.7774
42.7774
42.7774
42.7774
42.7774
42.7774
42.7774
42.7774
6.94903
6.94903
42.7774
42.7774
42.7774
42.7774
42.7774
42.7774
42.7774
31.6553
42.7774
42.7774
42.7774
42.7774
42.7774
42.7774
42.7774
42.7774
42.7774
42.7774
42.7774
42.7774
42.7774
42.7774
42.7774
6.94903
6.94903
42.7774
42.7774
42.7774
42.7774
42.7774
42.7774
42.7774
31.6553
42.7774
42.7774
42.7774
42.7774
42.7774
42.7774
42.7774
42.7774
42.7774
42.7774
42.7774
42.7774
42.7774
42.7774
42.7774
6.94903
6.94903
42.7774
42.7774
42.7774
42.7774
42.7774
42.7774
42.7774
31.6553
42.7774
42.7774
42.7774
42.7774
42.7774
42.7774
42.7774
42.7774
42.7774
42.7774
42.7774
42.7774
42.7774
42.7774
42.7774
6.94903
6.94903
42.7774
42.7774
42.7774
42.7774
42.7774
42.7774
42.7774
31.6553
42.7774
42.7774
42.7774
42.7774
42.7774
42.7774
42.7774
42.7774
42.7774
42.7774
42.7774
42.7774
42.7774
42.7774
42.7774
6.94903
6.94903
42.7774
42.7774
42.7774
42.7774
42.7774
42.7774
42.7774
31.6553
42.7774
42.7774
42.7774
42.7774
42.7774
42.7774
42.7774
42.7774
42.7774
42.7774
42.7774
42.7774
42.7774
42.7774
42.7774
6.94903
6.94903
42.7774
42.7774
42.7774
42.7774
42.7774
42.7774
42.7774
31.6553
42.7774
42.7774
42.7774
42.7774
42.7774
42.7774
42.7774
42.7774
42.7774
42.7774
42.7774
42.7774
42.7774
42.7774
42.7774
6.94903
6.94903
42.7774
42.7774
42.7774
42.7774
42.7774
42.7774
42.7774
31.6553
42.7774
42.7774
42.7774
42.7774
42.7774
42.7774
42.7774
42.7774
42.7774
42.7774
42.7774
42.7774
42.7774
42.7774
42.7774
6.94903
6.94903
42.7774
42.7774
42.7774
42.7774
59.774
7.40893
31.6553
59.774
7.40893
59.774
59.774
7.40893
7.40893
59.774
7.40893
59.774
7.40893
59.774
59.774
7.40893
7.40893
59.774
7.40893
59.774
7.40893
59.774
59.774
7.40893
7.40893
59.774
7.40893
59.774
7.40893
59.774
7.40893
42.7774
59.774
42.7774
59.774
42.7774
59.774
42.7774
59.774
42.7774
59.774
42.7774
59.774
42.7774
59.774
42.7774
59.774
)
;
    }
}


// ************************************************************************* //
