/*--------------------------------*- C++ -*----------------------------------*\
| =========                 |                                                 |
| \\      /  F ield         | OpenFOAM: The Open Source CFD Toolbox           |
|  \\    /   O peration     | Version:  v1906                                 |
|   \\  /    A nd           | Web:      www.OpenFOAM.com                      |
|    \\/     M anipulation  |                                                 |
\*---------------------------------------------------------------------------*/
FoamFile
{
    version     2.0;
    format      ascii;
    class       volScalarField;
    location    "50";
    object      qreflective_0;
}
// * * * * * * * * * * * * * * * * * * * * * * * * * * * * * * * * * * * * * //

dimensions      [1 0 -3 0 0 0 0];


internalField   uniform 0;

boundaryField
{
    XMin
    {
        type            calculated;
        value           uniform 0;
    }
    XMax
    {
        type            calculated;
        value           uniform 0;
    }
    YMin
    {
        type            calculated;
        value           uniform 0;
    }
    YMax
    {
        type            calculated;
        value           uniform 0;
    }
    ZMin
    {
        type            calculated;
        value           nonuniform List<scalar> 
1240
(
0
0
0
0
0
226.97
0
0
0
0
0
0
0
0
0
0
0
0
0
0
0
0
0
0
0
0
0
0
0
0
0
0
0
0
0
0
0
0
0
0
0
0
0
0
0
0
0
0
0
0
0
0
0
0
226.97
226.97
226.97
226.97
0
0
0
0
0
0
0
0
0
0
0
0
0
0
226.97
226.97
226.97
0
0
0
0
0
0
0
0
0
0
0
0
0
0
0
0
0
0
0
0
0
0
0
0
0
0
0
0
0
0
0
0
0
0
0
0
0
0
0
0
0
0
0
0
0
0
0
0
0
0
0
0
0
0
0
0
0
0
0
0
0
0
0
0
0
0
0
0
0
0
0
0
0
0
0
0
0
226.97
0
0
0
0
0
0
0
0
0
226.97
0
226.97
226.97
226.97
226.97
0
226.97
226.97
0
0
0
0
0
0
0
0
0
0
0
0
0
0
0
226.97
226.97
0
226.97
226.97
226.97
226.97
226.97
226.97
226.97
226.97
226.97
0
0
226.97
0
0
0
0
0
0
0
0
0
0
0
0
0
0
0
0
0
0
0
0
0
0
0
0
0
0
0
0
0
0
0
0
0
0
0
0
0
0
0
0
0
0
0
0
0
0
0
226.97
0
0
0
0
0
0
0
0
0
0
0
0
0
0
0
0
0
0
0
0
0
0
0
0
0
0
0
0
0
0
0
0
0
0
0
0
0
0
0
0
0
0
0
0
0
0
0
0
0
226.97
0
226.97
226.97
226.97
226.97
226.97
226.97
0
0
0
0
0
0
0
0
0
0
0
0
0
0
0
0
0
0
0
0
0
0
0
0
0
0
0
0
0
0
0
0
0
0
0
0
0
0
0
0
0
0
0
0
0
0
0
0
0
0
0
0
226.97
226.97
0
0
0
226.97
0
0
0
0
0
0
0
0
0
0
0
0
0
0
0
0
226.97
226.97
226.97
226.97
226.97
226.97
0
226.97
0
0
0
0
0
0
0
0
0
0
0
0
0
0
0
0
0
0
0
0
0
0
0
0
0
0
0
0
226.97
226.97
0
0
0
226.97
226.97
226.97
226.97
226.97
226.97
226.97
226.97
226.97
226.97
226.97
226.97
226.97
226.97
226.97
226.97
226.97
226.97
0
0
0
226.97
0
226.97
0
0
0
0
0
0
0
0
0
0
0
0
0
0
0
0
0
0
0
0
0
0
0
0
0
0
0
0
0
0
0
0
0
0
0
0
0
0
0
0
0
0
0
0
0
0
0
0
0
0
0
0
0
0
0
0
0
0
0
0
0
0
0
0
0
0
0
0
0
0
0
0
0
0
0
0
0
0
0
0
0
0
0
0
0
0
0
0
0
0
0
0
0
0
0
0
0
0
0
0
0
0
0
0
0
0
0
0
0
0
0
0
0
0
0
0
0
0
0
0
0
0
0
0
0
0
0
0
0
0
0
0
226.97
226.97
226.97
0
0
0
226.97
226.97
226.97
226.97
226.97
226.97
226.97
226.97
226.97
226.97
226.97
226.97
226.97
226.97
226.97
226.97
226.97
226.97
0
0
0
226.97
226.97
226.97
0
0
0
0
0
0
0
0
0
0
0
0
0
0
0
0
0
0
0
0
0
0
0
0
0
0
0
0
0
0
0
0
0
0
0
0
0
0
0
0
0
0
0
0
0
0
0
0
0
0
0
0
0
0
0
0
0
0
0
0
0
0
0
0
0
0
0
0
0
0
0
0
0
0
0
0
0
0
0
0
0
0
0
0
0
0
0
0
0
0
0
0
0
0
0
0
0
0
0
0
0
0
0
0
0
0
0
0
0
0
0
0
0
0
0
0
0
0
0
0
0
0
0
0
0
0
0
0
0
0
0
0
0
0
0
0
0
0
0
0
0
0
0
0
0
0
0
0
0
0
0
0
0
0
226.97
0
0
0
0
226.97
226.97
226.97
226.97
226.97
226.97
226.97
226.97
226.97
226.97
226.97
226.97
226.97
226.97
226.97
226.97
226.97
226.97
0
0
0
226.97
226.97
226.97
0
0
0
0
0
0
0
0
0
0
0
0
0
0
0
0
0
0
0
0
0
0
0
0
0
0
0
0
0
0
0
0
0
0
0
0
0
0
0
0
0
0
0
0
0
0
0
0
0
0
0
0
0
0
0
0
0
0
0
0
0
0
0
0
0
0
0
0
0
0
0
0
0
0
0
0
0
0
0
0
0
0
0
0
0
0
0
0
0
0
0
0
0
0
0
0
0
0
0
0
0
0
0
0
0
0
0
0
0
0
0
0
0
0
0
0
0
0
0
226.97
0
0
0
226.97
0
0
0
0
0
0
0
0
0
0
0
0
0
0
0
0
226.97
0
0
0
0
0
0
0
0
0
0
0
0
0
0
0
0
0
0
0
0
0
0
0
0
0
0
0
226.97
0
0
226.97
226.97
226.97
226.97
226.97
226.97
226.97
226.97
226.97
0
226.97
226.97
0
0
0
0
0
0
0
0
0
0
0
0
0
0
0
0
0
0
0
0
0
0
0
0
226.97
0
0
226.97
226.97
226.97
226.97
226.97
226.97
226.97
226.97
226.97
0
0
226.97
0
0
0
0
0
0
0
0
0
0
0
0
0
0
0
0
0
0
0
0
0
0
0
0
0
0
0
0
0
0
0
0
0
0
0
0
0
0
0
0
0
0
0
0
0
0
0
0
0
0
0
0
0
0
0
0
0
0
0
0
0
0
0
0
0
0
226.97
226.97
226.97
226.97
226.97
226.97
0
226.97
0
226.97
226.97
226.97
226.97
226.97
226.97
226.97
226.97
226.97
226.97
226.97
226.97
226.97
226.97
226.97
226.97
226.97
226.97
0
0
0
0
0
0
0
0
0
0
0
0
0
0
0
0
0
0
226.97
226.97
226.97
226.97
226.97
226.97
226.97
226.97
226.97
226.97
226.97
226.97
0
0
0
0
0
0
0
0
0
0
0
0
0
0
0
0
0
0
0
0
0
0
0
0
0
0
0
0
0
0
0
0
0
0
0
0
0
0
0
0
0
0
0
0
0
0
0
0
0
0
0
0
0
0
0
0
0
0
0
0
0
0
0
0
0
0
0
226.97
0
0
0
0
0
0
0
0
0
0
0
0
0
0
0
0
0
0
0
0
0
0
0
0
0
0
0
0
0
0
0
0
0
0
0
0
0
)
;
    }
    ZMax
    {
        type            calculated;
        value           uniform 0;
    }
    solarpanel_body_left
    {
        type            calculated;
        value           nonuniform List<scalar> 
2187
(
0
0
0
0
0
0
0
0
0
0
0
0
0
0
193.524
0
193.524
193.524
193.524
193.524
193.524
193.524
193.524
193.524
193.524
193.524
0
193.524
0
0
0
0
0
0
0
0
0
0
0
0
0
0
0
0
193.524
0
193.524
193.524
193.524
193.524
193.524
193.524
193.524
193.524
193.524
193.524
0
193.524
0
0
0
0
0
0
0
0
0
0
0
0
0
0
193.524
0
193.524
193.524
193.524
193.524
193.524
193.524
193.537
193.524
193.535
193.524
0
193.524
0
0
0
0
0
0
0
0
0
0
0
0
0
0
0
0
0
0
0
0
0
0
0
0
0
0
0
0
0
0
0
0
0
0
0
0
0
0
0
0
0
0
0
0
0
0
193.524
0
0
0
0
193.524
0
0
193.524
193.524
193.524
193.524
193.524
193.524
193.524
193.524
193.524
193.524
193.524
193.524
193.524
193.524
193.524
193.524
193.524
193.524
193.524
193.524
193.524
193.524
193.524
193.524
193.524
193.524
193.524
0
0
0
193.524
193.524
193.524
0
0
0
0
0
0
0
0
0
0
0
0
0
0
0
0
0
0
0
0
0
0
0
0
0
0
0
0
0
0
0
0
0
0
0
0
0
0
0
0
0
0
0
0
0
0
0
0
0
193.524
0
0
0
0
193.524
0
0
193.524
193.524
193.524
193.524
193.524
193.524
193.524
193.524
193.524
193.524
193.524
193.524
193.524
193.524
193.524
193.524
193.524
193.524
193.524
193.524
193.524
193.524
193.524
193.524
193.524
193.524
193.524
0
0
0
193.524
193.524
193.524
0
0
0
0
0
0
0
0
0
0
0
0
0
0
0
0
0
0
0
0
0
0
0
0
0
0
0
0
0
0
0
0
0
0
0
0
0
0
0
0
0
0
0
0
0
0
0
0
193.524
0
0
0
0
193.524
0
0
193.524
193.524
193.524
193.524
193.524
193.524
193.524
193.524
193.524
193.524
193.524
193.524
193.524
193.524
193.524
193.524
193.524
193.524
193.524
193.524
193.524
193.524
193.626
193.524
193.524
193.671
193.524
0
0
0
193.524
193.524
0
0
0
0
0
0
0
0
0
0
0
0
0
0
0
0
0
0
0
0
0
0
0
0
0
0
0
0
0
0
0
0
0
0
0
0
0
0
0
0
0
0
0
0
0
0
0
0
0
0
0
0
0
193.524
193.524
193.524
0
0
0
193.524
193.524
193.524
193.524
193.524
193.524
193.524
193.524
193.524
193.524
193.524
193.524
193.524
193.524
193.524
193.524
193.524
193.524
193.524
193.524
193.524
193.524
193.524
193.524
193.524
193.524
193.524
193.524
193.524
193.524
0
0
0
193.524
193.524
193.524
0
0
0
0
0
0
0
0
0
0
0
0
0
0
0
0
0
0
0
0
0
0
0
0
0
0
0
0
0
0
0
0
0
0
0
0
0
0
0
0
0
0
0
0
0
0
0
0
193.524
193.524
193.524
0
0
0
193.524
193.524
193.524
193.524
193.524
193.524
193.524
193.524
193.524
193.524
193.524
193.524
193.524
193.524
193.524
193.524
193.524
193.524
193.524
193.524
193.524
193.524
193.524
193.524
193.524
193.524
193.524
193.524
193.524
193.524
0
0
0
193.524
193.524
193.524
0
0
0
0
0
0
0
0
0
0
0
0
0
0
0
0
0
0
0
0
0
0
0
0
0
0
0
0
0
0
0
0
0
0
0
0
0
0
0
0
0
0
0
0
0
193.524
193.524
193.524
0
0
0
193.524
193.524
193.524
193.524
193.524
193.524
193.524
193.524
193.524
193.524
193.524
193.524
193.524
193.524
193.524
193.524
193.524
193.524
193.524
193.532
193.524
193.524
193.524
193.524
193.524
193.528
193.526
193.524
193.535
193.524
0
0
0
193.524
193.524
193.524
0
0
0
0
0
0
0
0
0
0
0
0
0
0
0
0
0
0
0
0
0
0
0
0
0
0
0
0
0
0
0
0
0
0
0
0
0
0
0
0
0
0
0
0
0
0
0
0
0
0
0
0
0
0
0
0
0
0
0
0
0
0
0
0
0
0
0
0
0
0
0
0
0
0
0
0
0
0
0
0
0
0
0
0
0
0
0
0
0
0
0
0
0
0
0
0
0
0
0
0
0
0
0
0
0
0
0
0
0
0
0
0
0
0
0
0
0
0
0
0
0
0
0
0
0
0
0
0
0
0
0
0
0
0
0
0
0
0
193.524
193.524
193.524
0
0
0
0
0
0
0
0
0
0
0
0
193.524
193.524
193.524
0
0
0
0
0
0
193.524
193.524
193.524
193.524
193.524
193.524
193.524
193.524
193.524
193.524
193.524
193.524
193.524
193.524
193.524
193.524
193.524
193.524
193.524
193.524
193.524
193.524
193.524
193.524
193.524
193.524
193.524
193.524
193.524
193.524
193.524
193.524
193.524
193.524
193.524
193.524
193.524
193.524
193.524
193.524
193.524
193.524
193.524
193.524
193.524
193.524
193.524
193.524
193.524
193.524
193.524
193.524
193.524
193.524
193.524
193.524
193.524
193.524
193.524
193.524
193.524
193.524
193.524
193.524
193.524
193.524
193.524
193.524
193.524
193.524
193.524
193.524
193.524
193.524
193.524
193.524
193.524
193.524
193.524
193.524
193.524
0
0
0
0
0
0
0
0
0
193.524
193.524
193.524
193.524
193.524
193.524
193.524
193.524
193.524
0
0
0
0
0
0
0
0
0
0
0
0
0
0
0
0
0
0
0
0
0
0
0
0
0
0
0
0
0
0
0
0
0
0
0
0
0
0
0
0
0
0
0
0
0
0
0
0
0
0
0
0
0
0
0
0
0
0
0
0
0
0
0
0
0
0
0
0
0
0
0
0
0
0
0
0
0
0
0
0
0
0
0
0
0
0
0
0
0
0
0
0
0
0
0
0
0
0
0
0
0
0
0
0
0
0
0
0
0
0
0
0
0
0
0
0
0
0
0
0
0
0
0
0
0
0
0
0
0
0
0
0
0
0
0
0
0
0
0
0
0
0
0
0
0
0
0
193.524
193.524
193.524
0
0
0
0
0
0
0
0
0
0
0
0
193.524
193.524
193.524
0
0
0
0
0
0
193.524
193.524
193.524
193.524
193.524
193.524
193.524
193.524
193.524
193.524
193.524
193.524
193.524
193.524
193.524
193.524
193.524
193.524
193.524
193.524
193.524
193.524
193.524
193.524
193.524
193.524
193.524
193.524
193.524
193.524
193.524
193.524
193.524
193.524
193.524
193.524
193.524
193.524
193.524
193.524
193.524
193.524
193.524
193.524
193.524
193.524
193.524
193.524
193.524
193.524
193.524
193.524
193.524
193.524
193.524
193.524
193.524
193.524
193.524
193.524
193.524
193.524
193.524
193.524
193.524
193.524
193.524
193.524
193.524
193.524
193.524
193.524
193.524
193.524
193.524
193.524
193.524
193.524
193.524
193.524
193.524
0
0
0
0
0
0
0
0
0
193.524
193.524
193.524
193.524
193.524
193.524
193.524
193.524
193.524
0
0
0
0
0
0
0
0
0
0
0
0
0
0
0
0
0
0
0
0
0
0
0
0
0
0
0
0
0
0
0
0
0
0
0
0
0
0
0
0
0
0
0
0
0
0
0
0
0
0
0
0
0
0
0
0
0
0
0
0
0
0
0
0
0
0
0
0
0
0
0
0
0
0
0
0
0
0
0
0
0
0
0
0
0
0
0
0
0
0
0
0
0
0
0
0
0
0
0
0
0
0
0
0
0
0
0
0
0
0
0
0
0
0
0
0
0
0
0
0
0
0
0
0
0
0
0
0
0
0
0
0
0
0
0
0
0
0
0
0
0
0
0
0
0
0
193.524
193.524
193.524
0
0
0
0
0
0
0
0
0
0
0
0
193.524
193.524
193.524
0
0
0
0
0
0
193.524
193.524
193.524
193.524
193.524
193.524
193.524
193.524
193.524
193.524
193.524
193.524
193.524
193.524
193.524
193.524
193.524
193.524
193.524
193.524
193.524
193.524
193.524
193.524
193.524
193.524
193.524
193.524
193.524
193.524
193.524
193.524
193.524
193.524
193.524
193.524
193.524
193.524
193.524
193.524
193.524
193.524
193.524
193.524
193.524
193.524
193.524
193.524
193.526
193.524
193.524
193.524
193.524
193.524
193.524
193.524
193.524
193.524
193.524
193.524
193.524
193.524
193.524
193.524
193.524
193.524
193.551
193.538
193.532
193.524
193.524
193.524
193.524
193.524
193.524
193.611
193.542
193.534
193.524
193.524
193.524
0
0
0
0
0
0
0
0
0
193.524
193.524
193.524
193.524
193.524
193.524
193.524
193.524
193.524
0
0
0
0
0
0
0
0
0
0
0
0
0
0
0
0
0
0
0
0
0
0
0
0
0
0
0
0
0
0
0
0
0
0
0
0
0
193.524
193.524
193.524
193.524
0
0
0
0
0
0
0
193.524
193.524
193.524
193.524
0
0
0
0
0
0
0
193.524
193.524
193.524
193.524
0
0
0
0
0
193.548
193.524
193.577
0
0
0
0
0
193.54
193.524
193.61
193.524
0
0
0
0
0
0
0
0
0
0
0
0
0
0
0
0
0
193.524
193.524
193.524
193.524
193.524
193.524
193.524
193.524
193.524
193.524
193.524
193.524
0
0
0
0
0
0
0
0
0
0
0
0
0
0
0
0
0
0
0
0
193.524
193.524
193.524
193.524
193.524
193.524
193.524
193.524
193.524
193.524
193.524
193.524
0
0
0
0
0
0
0
0
0
0
0
0
0
0
0
0
0
0
193.524
193.524
193.524
193.524
193.524
193.524
193.524
193.524
193.524
193.524
193.524
193.524
0
0
0
0
0
0
0
0
0
0
0
0
0
0
0
193.524
193.524
193.878
0
0
0
0
0
0
0
0
0
0
0
0
0
0
0
0
0
0
0
0
0
0
0
0
193.181
0
193.524
193.526
193.42
0
0
0
0
0
0
0
0
0
0
0
0
0
0
0
193.524
193.524
193.524
193.524
193.524
193.524
193.524
193.524
193.524
193.524
193.524
193.524
0
0
0
0
0
0
0
0
0
0
0
0
0
0
0
0
0
0
0
0
0
193.524
193.524
193.524
193.524
193.524
193.524
193.524
193.524
193.524
193.524
193.524
193.524
0
0
0
0
0
0
0
0
0
0
0
0
0
0
0
0
0
0
0
193.524
193.524
193.524
193.524
193.524
193.524
193.524
193.524
193.524
193.524
193.524
193.524
0
0
0
0
0
0
0
0
0
0
0
0
0
0
0
193.54
193.681
193.627
193.524
193.524
193.524
193.543
193.493
193.464
0
0
0
0
0
0
0
0
0
0
0
0
0
0
0
193.532
193.627
193.554
193.524
193.524
193.524
193.583
193.462
193.687
193.519
0
0
0
0
0
0
0
0
0
0
0
0
0
0
0
0
0
0
0
0
0
0
0
0
0
0
0
0
0
0
0
0
0
0
0
0
0
0
0
0
0
0
0
0
0
0
0
0
0
193.524
193.524
193.524
193.524
193.524
193.524
193.524
193.524
193.524
193.524
193.524
193.524
193.524
193.524
193.524
193.524
193.524
193.524
193.524
193.524
193.524
193.524
193.524
193.524
193.524
193.524
193.524
193.524
193.524
193.524
193.524
193.524
193.524
193.524
193.524
193.524
0
0
0
0
0
0
0
0
0
0
0
0
0
0
0
0
0
0
0
0
0
0
0
0
0
0
0
0
0
0
0
0
0
0
0
0
0
0
0
0
0
0
0
0
0
0
0
0
0
0
0
0
0
0
0
0
0
0
0
0
0
0
0
193.524
193.524
193.524
193.524
193.524
193.524
193.524
193.524
193.524
193.524
193.524
193.524
193.524
193.524
193.524
193.524
193.524
193.524
193.524
193.524
193.524
193.524
193.524
193.524
193.524
193.524
193.524
193.524
193.524
193.524
193.524
193.524
193.524
193.524
193.524
193.524
0
0
0
0
0
0
0
0
0
0
0
0
0
0
0
0
0
0
0
0
0
0
0
0
0
0
0
0
0
0
0
0
0
0
0
0
0
0
0
0
0
0
0
0
0
0
0
0
0
0
0
0
0
0
193.524
193.524
193.524
193.524
193.524
193.524
193.524
193.524
193.524
193.524
193.524
193.524
193.524
193.524
193.524
193.524
193.524
193.524
193.524
193.524
193.524
193.524
193.524
193.524
193.524
193.524
193.524
193.524
193.524
193.524
193.524
193.524
193.524
193.524
193.524
193.524
0
0
0
0
0
0
0
0
0
0
0
0
0
0
0
0
0
0
0
0
0
0
0
0
0
0
0
0
0
0
0
0
0
0
0
0
0
0
0
0
0
0
0
0
0
0
193.529
193.524
193.538
193.39
193.487
193.524
193.521
193.524
193.524
193.524
193.524
193.524
193.524
193.524
193.666
192.8
192.864
0
0
0
0
0
0
0
0
0
0
0
0
0
0
0
0
0
0
0
0
0
0
0
0
0
0
0
0
0
0
0
0
0
0
0
0
0
0
0
0
0
0
0
0
0
0
0
0
0
193.655
193.066
193.59
0
0
0
193.524
193.524
193.524
193.524
193.524
193.524
193.524
193.538
193.524
193.592
193.151
193.506
193.164
193.494
)
;
    }
    solarpanel_body_right
    {
        type            calculated;
        value           uniform 0;
    }
    solarpanel_body_top
    {
        type            calculated;
        value           nonuniform List<scalar> 
2652
(
0
0
0
0
0
0
0
0
0
0
0
0
183.188
182.461
182.045
0
0
0
0
0
0
0
0
0
0
0
0
0
0
0.278997
0
0
219.129
221.146
219.13
219.136
0
0
0
219.13
0
0
0
0
0
0
0
0
219.13
219.133
219.132
219.133
219.129
219.13
219.13
219.129
0
219.13
0
219.129
0
0
0
0
185.621
180.976
180.988
0
0
0
0
0
0
0
0
0
0
0
0
0
0
0
0
0
0
0
0
0
0
0
0
0
0
0
0
171.9
168.928
167.376
171.823
164.268
159.612
164.417
163.42
170.353
163.618
168.716
167.304
158.995
162.99
162.983
165.722
167.038
165.982
0
166.152
162.578
159.161
0
160.842
0
0
0
0
0
0
0
0
0
0
0
0
0
0
0
0
0
219.13
0
219.13
219.13
219.132
219.133
219.131
219.133
219.13
219.134
219.133
0
0
0
219.13
219.135
219.13
0
0
0
219.13
0
0
0
0
0
0
0
0
0
0
0
0
0
0
0
0
0
0
219.135
219.131
219.129
219.129
219.13
219.136
219.131
219.13
219.129
219.13
219.13
219.129
219.13
219.13
219.13
219.13
0
0
0
0
0
219.13
0
0
0
0
0
0
0
0
0
0
0
0
0
0
182.983
182.341
181.036
182.869
178.302
179.706
184.357
179.698
179.122
0
0
0
0
0
0
0
0
0
0
0
0
0
0
0
0
23.1822
0
0
23.4917
27.7649
23.2146
28.2033
19.9761
23.7367
0
20.5867
14.7283
27.4975
0
33.5403
0
0
0
0
0
139.309
144.17
134.528
140.21
139.952
137.722
149.23
142.382
139.414
0
0
0
0
0
0
0
0
0
0
0
0
0
0
0
0
0
189.884
187.796
189.063
189.541
189.888
0
0
0
0
0
0
0
0
0
0
0
0
0
0
0
0
0
0
0
0
0
0
0
0
0
0
0
0
0
0
0
0
0
0
0
0
62.7659
93.6625
0
0
67.8623
81.1627
66.4492
96.1984
0
0
62.414
93.8386
219.129
219.13
218.998
220.564
219.133
219.112
219.125
219.155
0
0
0
0
0
0
0
0
0
0
0
0
0
0
0
0
0
0
0
0
0
0
0
0
219.13
219.136
219.13
219.135
219.129
219.134
219.13
219.132
219.131
219.129
219.13
219.133
219.133
219.13
219.129
219.131
0
219.129
0
219.133
0
0
219.129
219.131
0
0
0
0
0
0
0
0
197.254
196.169
197.055
195.792
197.77
194.689
196.951
195.302
197.407
195.809
0
196.303
0
0
0
0
183.864
179.643
179.502
171.905
171.764
170.359
171.056
181.376
180.471
179.578
171.766
173.373
173.374
173.67
181.823
176.129
175.392
171.008
173.039
176.657
174.466
0
0
0
0
0
0
0
0
0
0
0
0
0
0
0
0
0
0
0
0
0
0
0
0
0
0
0
0
0
0
0
0
0
0
0
0
0
0
0
0
0
0
0
0
0
0
0
0
0
0
0
0
0
0
0
0
0
0
0
0
0
0
0
0
0
0
0
0
0
0
0
0
0
0
0
0
0
0
21.9168
22.1619
21.9137
23.875
1.18649
9.95786
20.356
22.3581
21.4236
21.5352
3.79443
9.38269
0
14.2511
27.9899
13.8669
34.8004
0
0
0
15.4883
0
0
12.4732
0
0
0
0
168.633
170.353
165.416
167.861
0
158.57
0
142.252
159.613
135.15
150.626
161.912
144.974
147.844
151.84
160.676
169.621
166.188
168.47
165.807
155.382
157.973
128.749
137.989
149.801
161.28
154.148
161.199
142.659
144.089
161.571
171.738
165.896
0
167.622
148.644
163.5
145.404
143.598
136.868
133.332
157.725
0
0
0
0
134.697
134.414
153.121
162.869
0
0
0
0
0
0
0
0
0
0
0
0
0
0
0
0
0
68.1048
84.7815
74.0073
79.9252
62.1604
69.6026
83.0883
64.8249
86.3313
58.0922
0
0
0
0
0
0
0
0
0
0
0
0
0
0
0
0
0
0
0
0
0
0
0
0
0
0
0
0
0
0
0
0
0
0
0
0
0
0
0
0
0
0
0
0
0
0
0
0
0
0
0
0
0
0
0
0
0
0
0
0
0
0
0
0
0
0
0
0
0
0
0
0
0
0
0
0
0
0
0
0
0
0
0
0
0
0
0
0
0
0
0
0
0
0
0
0
0
0
0
0
0
0
0
0
0
0
0
0
0
0
0
0
0
0
0
0
0
0
0
0
0
0
0
0
0
0
0
0
0
0
0
0
0
0
0
0
0
0
0
0
0
0
0
0
0
0
0
0
0
0
0
0
0
0
0
0
0
0
219.13
219.128
0
0
219.13
0
219.13
0
219.134
219.128
219.133
219.128
219.127
219.133
219.127
219.13
219.134
219.131
219.13
219.13
219.134
219.131
219.134
219.13
0
0
0
0
0
0
0
0
219.131
219.129
219.13
219.135
219.126
219.134
219.13
0
0
0
219.13
0
0
219.134
219.13
0
0
0
0
0
0
0
0
0
0
0
0
0
0
0
0
0
0
0
0
0
0
0
0
0
0
0
0
0
0
0
0
0
0
0
0
0
0
219.134
219.132
219.13
219.133
219.132
219.13
219.128
219.131
219.133
219.132
215.735
219.129
219.158
215.438
199.683
219.13
219.128
215.41
219.13
219.129
215.421
199.647
219.131
219.128
219.13
219.133
219.133
219.13
219.128
219.131
219.13
219.134
215.414
219.13
219.134
215.458
219.135
219.134
199.684
215.431
219.134
219.129
215.392
0
0
0
0
0
0
0
0
219.13
0
215.429
219.13
219.134
0
0
0
0
0
0
0
0
0
0
0
0
0
0
0
0
0
0
0
0
0
0
0
0
0
197.06
196.807
196.808
196.876
191.849
187.791
192.338
192.536
188.071
193.031
195.821
194.691
195.721
196.153
191.404
188.899
190.864
188.962
189.037
188.965
0
0
0
0
191.936
187.413
190.954
0
0
0
0
0
0
0
0
0
0
0
0
0
0
0
0
182.787
185.241
188.441
186.915
182.488
189.277
186.602
0
0
0
0
0
0
0
0
0
0
0
0
0
0
0
0
0
0
0
0
0
0
0
0
0
0
0
0
0
0
0
0
0
0
0
0
0
0
0
0
0
0
0
0
0
0
0
0
0
0
0
0
0
0
0
0
0
0
0
0
0
0
0
0
0
0
0
0
0
1.34622
0
2.18073
0
0
0
0
0
0
185.013
0
0
0
132.232
141.06
133.785
135.172
137.588
134.778
0
0
0
0
0
0
0
0
0
115.363
0
0
0
0
0
31.0287
0
0
117.42
121.764
107.691
97.357
112.707
59.742
37.5256
43.5495
50.0087
37.0869
109.79
119.949
111.676
98.634
119.808
0
59.6869
38.8328
0
0
0
0
0
0
0
0
0
0
0
0
0
0
0
0
0
0
0
0
0
0
0
0
0
0
0
0
0
0
0
0
0
0
0
0
0
0
0
0
0
0
0
0
0
0
0
0
0
0
0
0
0
0
0
0
0
0
0
0
0
0
0
0
0
0
0
0
0
0
0
0
0
0
0
0
0
0
0
0
0
0
0
0
0
0
0
0
0
0
0
0
0
0
0
0
0
0
0
0
0
0
0
0
0
0
0
0
0
0
0
0
0
0
0
0
0
0
0
0
0
0
0
0
0
0
0
0
0
0
0
0
0
0
0
0
0
0
0
0
0
0
0
0
0
0
0
0
0
0
0
0
0
0
0
0
0
0
0
0
0
0
0
0
0
0
0
0
0
0
219.254
0
0
0
0
0
0
0
0
0
0
0
0
0
0
0
0
0
0
0
0
0
0
0
0
0
0
0
0
0
0
0
0
0
0
0
0
0
0
0
0
0
0
0
185.321
193.751
187.237
188.964
194.815
193.889
181.097
189.135
194.322
187.751
0
182.814
0
0
0
0
0
0
0
0
0
0
0
0
0
0
0
0
0
0
198.148
200.063
198.281
199.535
197.858
199.778
199.628
198.274
197.747
199.711
199.771
197.428
0
0
0
0
0
0
0
0
0
0
0
0
0
0
0
0
0
0
0
0
0
0
0
0
0
0
0
0
0
0
0
0
0
0
0
0
181.376
180.975
178.935
180.616
179.151
0
0
200.54
199.487
199.567
199.65
199.559
199.663
199.7
0
197.712
199.548
197.826
199.54
192.025
183.553
188.831
188.267
197.933
199.738
197.523
199.668
189.193
187.085
191.769
190.315
181.387
0
0
0
0
192.11
186.416
0
0
0
0
0
0
0
0
0
0
0
0
0
0
0
0
0
0
0
0
0
0
0
0
0
0
0
0
0
0
0
0
0
0
0
0
0
0
0
0
0
0
0
0
0
0
96.7685
0
0
99.8767
0
99.5465
94.9135
0
67.3786
83.2423
64.9555
53.3239
110.536
51.6028
104.608
107.996
86.3664
0
0
66.5879
0
0
0
0
0
0
0
0
0
0
0
0
0
0
0
0
0
0
0
0
0
0
0
0
0
0
0
0
0
0
0
0
0
0
0
0
0
0
0
0
0
0
0
0
0
0
0
0
0
0
0
0
0
0
0
0
0
0
0
0
0
0
0
0
0
0
0
0
0
0
0
0
0
0
0
0
0
0
0
0
0
0
0
0
0
0
0
0
0
0
0
0
0
0
0
0
0
0
0
0
0
0
219.13
218.917
219.11
219.106
0
0
0
0
0
0
0
0
0
0
0
0
219.131
219.13
219.13
219.127
219.131
219.133
219.133
219.131
219.131
219.133
219.133
219.131
0
0
0
0
198.022
199.702
199.698
197.845
197.136
197.318
195.271
197.211
197.03
197.763
199.329
199.186
198.265
197.315
197.144
194.024
197.234
196.094
194.349
197.428
0
199.58
0
197.64
197.213
195.019
196.908
197.434
194.343
0
0
0
0
0
0
0
0
0
0
0
0
0
0
0
0
0
0
0
0
0
0
0
0
0
0
0
0
0
0
0
0
0
0
0
0
0
0
0
0
0
0
0
0
0
0
0
0
0
0
0
0
0
0
0
0
0
0
0
0
0
0
0
0
0
0
0
0
0
0
0
0
0
0
0
0
0
0
0
0
0
0
0
0
0
0
0
0
0
0
0
0
0
0
0
0
0
0
0
0
0
0
0
0
0
0
0
0
0
0
0
0
0
0
0
0
0
0
0
0
0
0
0
0
0
0
0
0
0
0
0
0
0
0
0
0
0
0
0
0
0
0
0
28.4602
32.1642
0
7.78827
5.97867
0
0
0
0
11.6283
11.093
37.5106
0
0
0
0
0
0
0
0
0
0
0
0
177.993
176.993
176.223
178.504
172.644
176.621
155.389
0
0
0
151.771
131.989
154.988
128.547
150.886
178.666
175.844
176.569
178.949
175.861
175.844
129.472
153.119
132.335
150.396
154.148
131.52
149.215
130.741
154.597
177.748
0
0
0
177.568
0
152.601
138.736
132.907
155.988
139.077
134.924
155.225
0
0
0
0
0
0
0
0
0
0
0
0
0
0
0
0
0
0
0
0
0
0
0
0
0
0
0
0
0
56.3671
70.9853
87.8387
46.3304
105.864
109.388
83.1489
0
0
0
38.5226
48.8198
95.432
122.149
125.595
117.058
104.544
115.223
58.6894
58.2678
95.6031
48.8843
103.75
101.289
90.3892
50.2858
35.493
37.8461
49.0602
37.6015
109.913
113.181
117.426
115.112
96.812
118.157
0
0
32.171
51.5553
0
0
0
0
0
0
0
0
0
0
0
0
0
0
0
0
0
0
0
0
0
0
0
0
0
0
0
0
0
0
0
0
0
0
0
0
0
0
0
0
0
0
0
0
0
0
0
0
0
0
0
0
0
0
0
0
0
0
0
0
0
0
0
0
0
0
0
0
0
0
0
0
0
0
0
0
0
0
0
0
0
0
0
0
0
0
0
0
0
0
0
0
0
0
0
0
0
0
0
0
0
0
0
0
0
0
0
0
0
0
0
0
0
0
0
0
0
0
0
0
0
0
0
0
0
0
0
0
0
0
0
0
0
0
0
0
0
0
0
0
0
0
0
0
0
0
0
0
0
0
0
0
0
0
0
0
0
0
0
0
0
0
0
0
0
0
0
0
0
0
0
0
0
0
0
0
0
0
0
0
0
0
0
0
0
0
0
0
0
0
0
0
0
0
0
0
0
0
0
0
0
0
0
0
0
0
0
0
0
0
0
0
0
0
0
0
0
0
0
0
0
0
0
0
0
0
0
0
0
0
0
0
0
0
0
0
0
0
0
0
0
0
0
0
0
0
0
0
0
0
0
0
0
0
0
0
0
0
0
0
0
0
0
0
0
0
0
0
0
0
0
0
0
0
0
0
0
0
0
0
0
0
0
0
0
0
0
0
0
0
0
0
0
0
0
0
0
0
0
0
0
0
0
0
0
0
0
0
0
0
0
0
0
0
0
0
0
0
0
0
0
0
0
0
0
0
0
0
0
0
0
0
0
0
0
0
0
0
0
0
0
0
0
0
0
0
0
0
0
0
0
0
0
0
0
0
0
0
0
0
0
0
0
0
0
0
0
0
0
0
0
0
0
0
0
0
0
0
0
0
0
0
0
0
0
0
0
0
0
0
0
0
0
0
0
0
0
0
219.101
0
0
0
0
0
0
0
0
0
0
0
0
0
0
0
0
0
0
0
0
0
0
0
0
0
0
0
0
0
0
0
0
0
0
0
0
0
0
0
0
0
0
0
0
0
0
0
0
0
0
0
0
0
0
0
0
0
0
0
0
0
0
0
0
0
0
0
0
0
0
0
0
0
0
0
0
0
0
0
0
0
0
0
0
0
0
0
0
0
0
0
0
0
0
0
0
0
0
0
0
0
0
0
0
0
0
0
0
0
0
0
0
0
0
0
0
0
0
219.13
0
219.13
219.133
219.133
219.131
219.129
219.131
219.132
219.13
219.131
219.134
0
0
0
0
219.126
219.134
219.127
219.134
0
0
0
219.134
0
0
0
0
0
0
0
0
0
0
0
0
0
0
0
0
0
0
0
0
219.131
219.133
219.132
219.131
219.132
215.489
219.128
199.617
215.46
219.131
215.406
199.559
219.131
215.422
199.605
219.131
219.133
219.133
219.131
219.134
199.602
199.872
199.865
215.463
219.134
215.459
219.134
199.34
199.477
215.398
219.129
215.397
0
0
0
0
219.134
215.424
219.134
199.799
215.451
0
0
0
0
0
0
0
0
0
0
0
0
0
0
0
0
0
197.569
199.621
197.464
199.553
197.056
196.938
193.801
196.988
197.005
193.878
193.735
193.083
194.042
183.55
187.085
192.938
193.347
192.268
187.584
182.445
188.376
193.44
193.428
198.06
199.213
197.998
199.488
196.292
196.274
196.265
196.514
194.019
191.973
193.622
188.109
188.902
190.012
190.815
189.136
179.446
189.105
194.735
189.098
0
0
0
0
0
0
0
0
0
191.999
194.348
187.292
187.625
193.773
190.269
0
0
0
0
0
0
0
0
0
0
0
0
0
0
0
0
0
0
0
0
)
;
    }
    solarpanel_body_back
    {
        type            calculated;
        value           uniform 0;
    }
    ref_wall
    {
        type            calculated;
        value           uniform 0;
    }
}


// ************************************************************************* //
